/*

Let 'input' be the list of squarefree q-Weil polynomials of degree 2g, for  
    g=1, 2<=q<=128
    g=2, 2<=q<=128
    g=3, 2<=q<=9, q=16, q=25
    g=4, q in {2,3,4}
    g=5, q=2.
For each polynomial h(x) in 'input' such that the Frobenius order R=ZZ[pi,bar(pi)] has a unique singular maximal ideal P and Pic(O_K) is trivial, where OK is the maximal order of Q[pi]=Q[x]/h(x),
we set D=[R:P] and computed the G^D isogeny graph.

For each such graph G^D, let:
    - Bass_upper_bd be the upper bound on diam(G^D) predicted by Theorem 4.6.(iii) when R is Bass;
    - generic_upper_bd be the generic upper bound on diam(G^D) predicted by Theorem 4.6.(iii);
    - lower_bd be the lower bound on diam(G^D) predicted by Theorem 4.6.(iv).

The list below contains the following information :
    LMFDB-label of I_h, D, diam(G^D), IsBass(R), Bass_upper_bd, generic_upper_bd, lower_bd
for each isogeny class I_h and graph G^D constructed as above for which at least one of the bounds is attained.

*/
1.25.ab,3,2,t,2,2,1
2.11.b_ah,9,2,t,2,2,1
3.7.ai_bh_adv,3,2,t,2,2,1
3.7.h_v_by,2,8,f,16,30,8
2.61.abb_lo,2,2,t,4,6,2
2.13.b_af,25,2,t,2,2,1
3.3.ac_e_ac,4,1,t,2,2,1
1.79.r,3,1,t,2,2,1
2.17.ai_bh,4,2,t,2,2,1
1.79.ar,3,1,t,2,2,1
4.3.ab_e_ai_h,625,2,t,2,2,1
2.5.ac_h,4,4,t,4,6,2
3.8.ak_by_agj,17,2,t,2,2,1
2.127.ah_jk,167,2,t,2,2,1
4.3.d_c_d_n,11,2,t,2,2,1
3.8.b_ag_aj,25,4,t,4,6,2
3.7.a_ag_ab,3,6,f,6,10,3
5.2.ab_ad_c_e_af,9,2,t,4,6,2
3.5.ag_q_abg,4,2,t,2,2,1
4.3.b_c_ag_al,4,4,t,4,6,2
1.37.ab,7,2,t,2,2,1
1.17.c,2,2,t,4,6,2
4.3.ab_f_a_o,4,2,t,2,2,1
4.3.b_f_a_o,4,2,t,2,2,1
3.3.e_k_u,2,1,t,2,2,1
2.79.m_co,2,18,t,18,34,9
3.4.ac_j_al,5,2,t,2,2,1
4.3.ab_a_ab_o,2,10,f,20,38,10
5.2.ac_d_ag_j_al,289,2,t,2,2,1
4.2.ac_f_aj_n,25,1,t,2,2,1
5.2.ab_ab_a_ab_h,9,2,t,2,2,1
4.3.ad_e_c_an,4,6,t,6,10,3
5.2.e_i_o_z_bn,289,1,t,2,2,1
4.2.b_d_e_j,25,2,t,2,2,1
5.2.a_b_ab_d_af,9,2,t,2,2,1
4.4.ai_bl_ael_kh,13,2,t,2,2,1
5.2.ac_d_ad_b_d,7,2,t,2,2,1
4.3.ae_n_abg_cj,16,2,t,2,2,1
1.13.c,2,2,t,4,6,2
2.29.f_ad,5,2,t,2,2,1
5.2.c_b_b_b_ab,9,2,t,2,2,1
2.17.af_i,2,3,t,6,10,3
5.2.d_i_p_bc_bp,25,2,t,2,2,1
2.23.c_av,4,4,t,4,6,2
2.5.ad_i,2,2,t,4,6,2
5.2.ac_g_ak_u_az,9,2,t,2,2,1
2.5.a_ab,9,2,t,2,2,1
5.2.c_a_ad_b_h,961,2,t,2,2,1
2.103.an_jh,67,2,t,2,2,1
2.31.au_gf,4,1,t,2,2,1
2.29.s_fh,7,1,t,2,2,1
4.4.c_ab_ad_ad,3721,2,t,2,2,1
3.7.d_ag_abv,4,1,t,2,2,1
3.3.ab_a_h,4,2,t,2,2,1
2.11.ab_v,19,2,t,2,2,1
2.29.b_abr,9,4,t,4,6,2
2.37.aw_hm,2,4,f,8,14,4
2.11.f_n,5,2,t,2,2,1
2.103.x_ki,29,2,t,2,2,1
2.67.abd_ng,3,2,t,2,2,1
2.13.k_bv,4,2,t,4,6,2
3.3.ac_a_e,2,2,t,2,2,1
2.17.am_cr,4,2,t,2,2,1
5.2.e_m_ba_bw_cv,9,2,t,2,2,1
3.5.aj_bo_aeh,4,1,t,2,2,1
1.73.h,3,2,t,4,6,2
1.19.c,3,2,t,2,2,1
2.25.a_abw,49,2,t,2,2,1
4.3.e_j_p_w,49,2,t,2,2,1
2.25.a_abx,9,2,t,2,2,1
4.3.ac_ad_f_e,2,2,t,2,2,1
4.3.ae_j_aq_z,16,1,t,2,2,1
4.2.b_e_f_j,81,2,t,2,2,1
3.5.af_o_abg,2,4,t,4,6,2
2.5.ag_s,2,3,f,6,10,3
2.79.ax_jz,5,6,t,6,10,3
4.3.a_ag_a_t,4,3,f,6,10,3
5.2.d_g_j_p_v,7,2,t,2,2,1
2.79.ax_jr,3,2,t,2,2,1
4.3.d_c_aj_aba,2,4,t,8,14,4
3.7.ac_ac_f,3,6,t,6,10,3
4.3.c_a_d_o,2,2,t,2,2,1
5.2.a_ac_ae_d_j,25,2,t,4,6,2
5.2.a_ab_ac_b_l,9,2,t,2,2,1
1.19.ab,5,2,t,2,2,1
4.3.b_a_b_o,2,10,f,20,38,10
2.101.abd_or,5,3,f,6,10,3
5.2.ac_d_ae_h_an,9,4,t,4,6,2
1.16.ab,3,2,t,2,2,1
3.7.ae_c_k,4,8,t,8,14,4
2.41.as_gf,9,2,t,2,2,1
2.101.b_agx,5,6,f,6,10,3
2.7.c_ad,3,2,t,4,6,2
2.101.abd_ov,31,2,t,2,2,1
2.23.ab_ay,7,2,t,2,2,1
4.3.a_b_ac_al,11,2,t,2,2,1
4.3.ab_ad_d_i,2,4,t,8,14,4
3.5.ab_h_ao,2,9,f,18,34,9
2.3.a_f,4,2,t,2,2,1
2.41.ad_ci,2,8,t,8,14,4
3.8.i_bn_ff,7,2,t,2,2,1
4.3.ad_f_a_ah,49,2,t,2,2,1
3.3.ad_e_ae,25,2,t,2,2,1
4.3.b_e_m_l,25,1,t,2,2,1
3.5.ad_a_n,9,2,t,2,2,1
1.97.t,3,1,t,2,2,1
2.59.t_gz,29,2,t,2,2,1
1.97.at,3,1,t,2,2,1
2.5.d_m,2,1,t,2,2,1
2.17.l_cm,2,2,t,2,2,1
2.17.c_ap,25,2,t,2,2,1
2.53.an_fs,2,4,t,4,6,2
2.11.d_g,2,2,t,2,2,1
2.7.ai_bd,4,1,t,2,2,1
5.2.ab_c_ah_k_aj,9,1,t,2,2,1
3.7.g_e_aba,4,1,t,2,2,1
4.2.ae_h_ah_h,7,2,t,4,6,2
4.3.a_b_h_c,25,2,t,2,2,1
2.41.b_cd,61,2,t,2,2,1
5.2.ac_e_ag_k_ap,361,2,t,2,2,1
2.3.ac_c,2,2,t,4,6,2
4.3.a_e_ah_i,49,2,t,2,2,1
4.3.d_f_a_ah,49,2,t,2,2,1
5.2.ab_e_ae_k_ah,81,2,t,2,2,1
4.2.b_d_c_f,25,2,t,2,2,1
5.2.b_e_e_k_h,81,2,t,2,2,1
3.2.a_a_af,9,2,t,2,2,1
2.29.aj_cz,9,2,t,2,2,1
4.3.ab_d_g_ac,4,2,t,2,2,1
5.2.ae_h_al_w_abl,25,1,t,2,2,1
4.3.af_p_abj_cp,25,2,t,2,2,1
4.2.ad_f_ae_d,9,1,t,2,2,1
3.5.f_u_bv,4,2,t,2,2,1
5.2.ab_c_b_a_f,25,4,t,4,6,2
2.23.ap_du,2,1,t,2,2,1
2.17.a_be,2,8,f,16,30,8
3.2.a_a_f,9,2,t,2,2,1
5.2.c_g_i_q_t,23,2,t,2,2,1
4.3.e_h_o_bf,16,2,t,2,2,1
2.17.a_bh,4,2,t,2,2,1
2.13.af_r,3,2,t,2,2,1
5.2.ab_e_ab_k_ad,9,2,t,2,2,1
4.4.ai_be_acv_ft,29,1,t,2,2,1
4.2.d_f_e_d,9,1,t,2,2,1
4.3.a_a_ab_ai,361,2,t,2,2,1
4.3.b_ad_ab_n,11,2,t,2,2,1
3.9.n_dd_ls,7,2,t,2,2,1
2.29.j_bp,9,2,t,2,2,1
3.7.h_be_dt,4,2,t,2,2,1
4.3.f_q_bm_ct,4,4,t,4,6,2
4.3.a_ac_c_n,4,2,t,2,2,1
4.3.ad_c_b_ac,2,8,t,8,14,4
2.83.be_ox,4,4,t,4,6,2
4.3.ab_h_ag_z,13,2,t,2,2,1
3.3.ab_g_ae,25,2,t,2,2,1
2.11.ae_j,4,2,t,2,2,1
2.53.j_dd,37,2,t,2,2,1
4.2.ab_a_a_d,9,2,t,2,2,1
2.83.am_cc,2,12,f,12,22,6
2.7.ac_ad,3,2,t,4,6,2
2.27.j_ct,23,2,t,2,2,1
2.17.a_p,49,2,t,2,2,1
4.3.a_c_b_q,49,2,t,2,2,1
4.3.d_c_ag_at,4,2,t,2,2,1
2.31.at_fv,11,1,t,2,2,1
1.61.ab,3,2,t,4,6,2
5.2.c_c_b_ad_al,49,1,t,2,2,1
2.17.am_cn,4,1,t,2,2,1
4.3.af_m_az_bx,11,1,t,2,2,1
4.2.b_ab_b_h,7,1,t,2,2,1
3.5.a_h_e,2,8,t,8,14,4
2.71.x_js,5,4,t,4,6,2
2.25.o_dn,4,2,t,2,2,1
4.4.e_o_bf_cr,5,6,t,6,10,3
4.2.b_a_a_d,9,2,t,2,2,1
4.3.e_n_bf_ch,169,2,t,2,2,1
3.7.f_g_ad,3,4,t,4,6,2
4.3.a_i_a_bg,49,2,t,2,2,1
2.89.abh_ri,5,2,t,2,2,1
2.79.ar_ia,73,2,t,2,2,1
3.5.g_w_ce,49,2,t,2,2,1
4.3.c_i_s_bf,4,2,t,2,2,1
4.4.ah_be_ado_ib,31,1,t,2,2,1
2.41.at_gp,31,2,t,2,2,1
4.3.b_d_h_c,5041,2,t,2,2,1
2.9.a_ao,2,5,t,10,18,5
5.2.ab_d_ab_a_d,9,2,t,2,2,1
2.31.c_abj,49,2,t,2,2,1
3.5.a_h_ae,2,8,t,8,14,4
4.3.c_c_ag_at,4,2,t,2,2,1
4.3.ae_j_ap_w,49,2,t,2,2,1
3.3.ac_e_ae,2,2,t,2,2,1
3.7.d_ag_abl,25,2,t,2,2,1
3.3.ac_d_af,49,2,t,2,2,1
4.3.d_d_ah_ax,11,2,t,4,6,2
4.3.ad_g_ap_bi,2,7,f,14,26,7
5.2.ab_a_ad_c_f,9,4,t,4,6,2
5.2.a_a_ae_e_d,7,3,f,6,10,3
2.47.s_gd,4,6,t,6,10,3
4.3.af_n_az_br,11,2,t,4,6,2
4.3.a_ab_ac_af,16,2,t,2,2,1
4.3.ad_d_ag_q,2,2,t,2,2,1
5.2.ab_e_ab_g_d,9,2,t,2,2,1
4.3.ad_l_ax_bx,49,2,t,2,2,1
3.5.b_h_o,2,9,f,18,34,9
4.3.b_ad_ad_i,2,4,t,8,14,4
2.31.l_dn,41,2,t,2,2,1
4.2.b_b_a_ad,7,2,t,4,6,2
2.59.l_dd,47,2,t,2,2,1
1.37.h,3,2,t,2,2,1
2.19.ab_b,17,2,t,2,2,1
5.2.a_e_ac_l_af,169,2,t,2,2,1
3.4.ac_j_an,3,4,t,4,6,2
2.71.bb_md,7,2,t,2,2,1
2.83.f_acq,961,2,t,2,2,1
2.31.r_fa,2,2,t,2,2,1
5.2.ac_g_ai_s_av,9,2,t,2,2,1
1.31.h,5,2,t,2,2,1
5.2.a_d_e_b_p,25,1,t,2,2,1
2.47.az_jq,2,2,t,2,2,1
2.83.s_jh,241,2,t,2,2,1
2.59.al_fd,83,2,t,2,2,1
4.3.af_i_a_ao,2,1,t,2,2,1
5.2.e_k_s_bc_bn,25,2,t,2,2,1
4.4.f_v_cf_fd,5,2,t,2,2,1
5.2.a_ab_c_a_af,9,2,t,2,2,1
2.71.l_eb,73,2,t,2,2,1
1.97.af,11,2,t,2,2,1
2.89.bb_my,2,6,t,6,10,3
2.37.q_er,4,2,t,2,2,1
3.4.b_c_ah,5,2,t,2,2,1
5.2.a_a_ac_d_h,9,1,t,2,2,1
4.4.ae_c_n_abj,5,4,t,8,14,4
4.3.b_f_g_w,169,2,t,2,2,1
1.43.ab,3,2,t,2,2,1
3.3.d_c_ac,2,1,t,2,2,1
4.3.ae_f_i_abf,16,2,t,2,2,1
2.67.abf_ok,2,1,t,2,2,1
5.2.c_c_b_ab_af,6889,2,t,2,2,1
4.3.ab_ab_ae_o,169,2,t,2,2,1
3.7.ag_y_adc,2,1,t,2,2,1
4.4.ah_x_aby_dt,5,4,t,4,6,2
4.4.ab_d_o_ap,3,2,t,4,6,2
4.3.a_ac_b_i,529,2,t,2,2,1
5.2.c_e_g_i_p,9,2,t,2,2,1
4.4.f_n_z_bt,19,2,t,4,6,2
4.3.a_ad_ab_k,841,2,t,2,2,1
3.5.f_i_g,9,2,t,2,2,1
3.5.ad_q_abd,4,2,t,2,2,1
5.2.a_ab_a_a_ab,81,2,t,2,2,1
4.3.d_e_b_af,13,2,t,4,6,2
4.4.f_r_bt_dp,169,2,t,2,2,1
5.2.ab_c_ac_g_aj,1681,2,t,2,2,1
3.3.c_d_f,49,2,t,2,2,1
3.5.af_p_abm,2,9,f,18,34,9
4.2.ab_c_ab_d,17,2,t,4,6,2
3.7.i_bk_el,3,2,t,4,6,2
4.3.a_e_h_i,49,2,t,2,2,1
3.2.ac_e_af,9,1,t,2,2,1
3.5.ac_d_ah,169,2,t,2,2,1
4.3.c_g_l_r,11,2,t,2,2,1
3.5.ab_d_aw,2,7,f,14,26,7
3.9.ag_x_acj,19,2,t,2,2,1
4.3.ab_ab_a_c,529,2,t,2,2,1
1.61.o,2,2,t,4,6,2
1.61.ao,2,2,t,4,6,2
5.2.b_d_b_i_f,7,2,t,2,2,1
5.2.a_b_c_d_ad,9,2,t,2,2,1
4.3.c_k_n_bo,25,2,t,2,2,1
4.2.e_h_h_h,7,2,t,4,6,2
5.2.c_e_g_k_p,361,2,t,2,2,1
2.32.s_fn,9,2,t,2,2,1
3.5.ae_f_ab,49,2,t,2,2,1
2.7.ab_f,3,2,t,2,2,1
4.3.ac_h_aq_z,16,4,t,4,6,2
1.67.o,3,2,t,2,2,1
2.7.af_r,3,2,t,2,2,1
2.37.an_dh,25,2,t,2,2,1
1.67.ao,3,2,t,2,2,1
4.3.c_i_o_bj,4,2,t,2,2,1
4.3.ab_c_h_ak,2,4,t,8,14,4
3.7.c_d_al,3,4,t,4,6,2
4.4.ab_d_m_ar,9,6,t,6,10,3
3.7.c_ag_ax,25,2,t,2,2,1
4.2.c_f_h_l,9,2,t,2,2,1
3.5.af_k_ar,4,4,f,8,14,4
2.5.af_o,9,2,t,2,2,1
2.7.b_f,3,2,t,2,2,1
5.2.ab_d_ad_g_ad,7,2,t,2,2,1
2.43.b_acn,121,2,t,2,2,1
4.3.d_g_p_bi,2,7,f,14,26,7
5.2.ab_a_a_e_af,7,2,t,2,2,1
2.23.ac_av,4,4,t,4,6,2
3.7.e_o_cd,3,3,t,6,10,3
3.7.aj_bn_aen,9,2,t,2,2,1
1.53.o,2,1,t,2,2,1
3.5.d_a_al,4,2,t,2,2,1
1.53.ao,2,1,t,2,2,1
5.2.b_d_b_a_ad,9,2,t,2,2,1
5.2.b_c_b_b_af,9,2,t,2,2,1
3.4.af_s_abp,13,2,t,2,2,1
2.13.f_bg,2,2,t,4,6,2
3.2.ac_e_ah,25,2,t,2,2,1
2.47.j_ek,2,2,t,2,2,1
5.2.ab_ac_a_c_d,25,2,t,4,6,2
4.3.e_k_t_bg,49,2,t,2,2,1
2.47.x_is,2,2,t,2,2,1
2.79.t_gz,13,2,t,2,2,1
2.5.ab_ac,49,2,t,2,2,1
4.3.f_r_bq_de,25,2,t,2,2,1
4.3.a_af_ab_q,2,2,t,2,2,1
3.25.ak_an_or,49,2,t,2,2,1
4.3.b_e_k_l,4,6,t,6,10,3
1.59.ai,2,2,t,2,2,1
1.41.ai,5,2,t,2,2,1
5.2.ae_i_ai_b_h,121,1,t,2,2,1
5.2.ac_f_ai_k_ar,9,2,t,2,2,1
2.59.as_hp,9,2,t,2,2,1
3.7.ad_ag_bv,4,1,t,2,2,1
2.59.abc_mb,4,2,t,2,2,1
2.5.b_ac,49,2,t,2,2,1
3.5.f_k_r,4,4,f,8,14,4
2.89.al_gz,131,2,t,2,2,1
2.89.af_en,5,6,t,6,10,3
1.71.e,2,2,t,2,2,1
4.3.ae_e_l_abm,2,1,t,2,2,1
4.3.e_f_ai_abf,16,2,t,2,2,1
4.2.b_ae_ab_l,9,1,t,2,2,1
2.17.i_bg,9,2,t,2,2,1
4.2.a_d_ad_f,9,2,t,2,2,1
4.3.a_ac_c_b,4,2,t,2,2,1
4.4.b_ad_ah_f,5,5,t,10,18,5
1.19.h,3,1,t,2,2,1
5.2.ac_h_ai_t_ar,31,1,t,2,2,1
5.2.ab_c_ab_b_f,9,2,t,2,2,1
2.37.av_ha,9,2,t,2,2,1
5.2.ac_e_ae_a_ab,9,1,t,2,2,1
2.3.ab_c,2,1,t,2,2,1
2.11.g_bb,4,4,t,4,6,2
3.5.ab_m_al,4,2,t,2,2,1
2.113.abh_te,7,2,t,2,2,1
2.113.abh_sm,2,6,t,6,10,3
4.3.h_bc_cz_fy,2,2,t,4,6,2
5.2.ad_e_ag_o_az,25,1,t,2,2,1
3.7.g_y_dc,2,1,t,2,2,1
3.3.g_t_bo,2,2,t,4,6,2
4.3.d_c_ab_ac,2,8,t,8,14,4
5.2.c_b_ad_ae_ad,25,2,t,4,6,2
4.3.f_p_bj_cp,25,2,t,2,2,1
2.31.ab_af,5,4,t,4,6,2
4.3.a_b_c_al,11,2,t,2,2,1
4.3.b_g_h_z,71,2,t,2,2,1
2.53.aj_dd,37,2,t,2,2,1
4.2.ab_b_a_ad,7,2,t,4,6,2
2.4.d_f,5,1,t,2,2,1
4.4.ae_s_abr_ef,7,2,t,2,2,1
4.3.ac_i_ao_bj,4,2,t,2,2,1
4.3.c_b_ag_aw,2209,2,t,2,2,1
2.11.e_g,2,6,f,12,22,6
2.11.a_ag,2,6,t,12,22,6
2.23.aj_bs,9,2,t,2,2,1
2.43.az_ji,2,1,t,2,2,1
3.5.b_d_w,2,7,f,14,26,7
3.5.ad_a_q,2,2,t,4,6,2
5.2.ac_e_af_h_af,81,2,t,2,2,1
2.13.ad_ae,2,2,t,4,6,2
3.5.c_b_an,9,2,t,2,2,1
3.5.b_j_d,11,2,t,2,2,1
4.3.ad_g_af_h,37,2,t,2,2,1
3.7.ac_g_ap,31,2,t,2,2,1
5.2.ac_d_b_ae_l,81,2,t,2,2,1
4.4.b_d_am_ar,9,6,t,6,10,3
2.17.m_cr,4,2,t,2,2,1
3.9.ab_z_ar,13,2,t,2,2,1
1.25.ai,3,2,t,2,2,1
2.17.ah_y,2,2,t,2,2,1
2.47.ak_en,17,2,t,2,2,1
4.3.ac_f_ai_n,37,2,t,2,2,1
4.3.f_n_z_bs,2,6,f,12,22,6
3.7.d_ad_aw,2,8,f,16,30,8
5.2.e_k_v_bl_cd,49,2,t,2,2,1
2.103.bb_ox,29,2,t,2,2,1
3.5.ac_h_ae,2,9,f,18,34,9
3.5.ad_h_ag,2,4,t,8,14,4
2.17.an_cy,2,2,t,2,2,1
1.27.ai,2,2,t,2,2,1
4.3.e_j_m_r,16,2,t,2,2,1
2.37.m_ed,107,2,t,2,2,1
1.61.n,5,2,t,2,2,1
2.41.l_cx,31,2,t,2,2,1
1.79.n,7,2,t,2,2,1
2.83.b_gh,61,2,t,2,2,1
3.5.ae_ac_bc,4,1,t,2,2,1
1.61.an,5,2,t,2,2,1
1.79.an,7,2,t,2,2,1
4.3.ab_ac_a_f,2809,2,t,2,2,1
2.61.al_cd,19,2,t,2,2,1
4.3.ab_ae_b_n,49,1,t,2,2,1
3.5.ad_k_abc,2,4,t,4,6,2
2.17.ab_ay,2,2,t,2,2,1
1.67.n,3,2,t,2,2,1
3.5.c_g_n,11,2,t,2,2,1
2.83.abb_mo,2,1,t,2,2,1
1.67.an,3,2,t,2,2,1
4.3.ab_ae_ab_w,2,10,f,20,38,10
5.2.ab_ac_g_c_an,9,2,t,4,6,2
1.101.ak,2,4,t,4,6,2
1.23.ai,2,1,t,2,2,1
4.3.b_ae_ab_n,49,1,t,2,2,1
2.47.ah_bw,37,2,t,2,2,1
4.3.ab_c_ac_ah,4,2,t,4,6,2
3.5.g_s_bp,9,2,t,2,2,1
2.83.af_acq,961,2,t,2,2,1
4.3.ab_b_d_b,25,2,t,2,2,1
2.5.a_i,9,2,t,2,2,1
4.3.d_g_o_bc,961,2,t,2,2,1
1.53.e,7,2,t,2,2,1
3.5.j_bp_ek,2,3,f,6,10,3
5.2.ac_c_a_ae_f,9,4,t,4,6,2
4.3.ad_e_ab_af,13,2,t,4,6,2
3.5.ad_h_aw,2,4,t,8,14,4
2.71.aba_lx,7,2,t,2,2,1
4.3.b_e_m_k,2,1,t,2,2,1
2.79.abf_pe,2,2,t,2,2,1
3.4.ac_ac_r,3,2,t,4,6,2
5.2.ad_g_aj_o_at,9,4,t,4,6,2
3.3.ab_ab_k,2,3,f,6,10,3
5.2.b_a_d_c_af,9,4,t,4,6,2
3.7.a_ag_b,3,6,f,6,10,3
4.2.ac_f_ah_l,9,2,t,2,2,1
3.5.e_ac_abc,4,1,t,2,2,1
2.13.f_r,3,2,t,2,2,1
1.49.n,3,1,t,2,2,1
2.4.ad_f,5,1,t,2,2,1
1.53.ag,2,4,t,4,6,2
2.89.at_jh,97,2,t,2,2,1
5.2.a_e_ae_g_ap,9,2,t,2,2,1
1.49.an,3,1,t,2,2,1
2.89.at_jt,107,2,t,2,2,1
3.5.c_g_q,529,2,t,2,2,1
1.47.e,2,2,t,2,2,1
4.3.ag_v_acc_ed,16,2,t,2,2,1
4.3.ac_d_e_ah,16,4,t,4,6,2
4.3.ae_j_am_r,16,2,t,2,2,1
3.3.b_c_h,4,2,t,2,2,1
2.11.a_at,4,1,t,2,2,1
3.7.ag_v_acj,3,6,t,6,10,3
4.2.b_c_b_d,17,2,t,4,6,2
2.27.n_dl,13,2,t,2,2,1
3.8.ac_p_abl,23,2,t,2,2,1
2.31.b_abj,11,2,t,2,2,1
2.53.v_hz,11,2,t,2,2,1
1.71.d,5,2,t,2,2,1
3.5.ae_ae_bk,9,1,t,2,2,1
5.2.ac_c_ad_g_ah,7,2,t,2,2,1
3.7.ad_ag_bl,25,2,t,2,2,1
1.29.k,2,1,t,2,2,1
2.53.am_cr,4,2,t,2,2,1
1.59.ag,5,2,t,2,2,1
1.41.ag,2,4,t,4,6,2
1.29.ak,2,1,t,2,2,1
1.101.k,2,4,t,4,6,2
3.3.ad_g_ak,2,2,t,2,2,1
5.2.ac_e_ag_n_at,7,2,t,2,2,1
1.37.k,2,2,t,4,6,2
3.4.b_g_b,7,2,t,2,2,1
1.37.ak,2,2,t,4,6,2
2.23.ad_j,13,2,t,2,2,1
5.2.b_ad_ag_e_r,49,1,t,2,2,1
1.89.j,5,2,t,2,2,1
2.67.z_kr,7,2,t,2,2,1
2.37.as_fx,7,2,t,2,2,1
4.3.e_g_a_al,11,2,t,2,2,1
3.7.ab_a_ad,19,2,t,2,2,1
4.4.f_s_bs_dt,23,2,t,2,2,1
4.3.ad_e_ag_l,4,4,t,4,6,2
1.19.ai,2,1,t,2,2,1
3.7.ad_af_bu,2,3,f,6,10,3
2.61.abd_mu,2,2,t,4,6,2
2.17.m_cn,4,1,t,2,2,1
2.71.ar_ga,29,2,t,2,2,1
5.2.ab_e_ag_o_an,9,1,t,2,2,1
4.3.ae_d_k_abd,16,1,t,2,2,1
2.59.a_bz,169,2,t,2,2,1
2.19.l_cg,2,1,t,2,2,1
1.29.e,5,2,t,2,2,1
4.3.ab_g_ah_z,71,2,t,2,2,1
4.2.a_b_c_ad,7,2,t,2,2,1
5.2.c_d_e_f_j,25,4,t,4,6,2
2.23.d_d,11,2,t,2,2,1
3.5.e_ae_abk,9,1,t,2,2,1
2.113.abm_wl,4,4,t,4,6,2
2.41.ar_fg,2,4,t,4,6,2
4.3.ae_g_b_ao,2,2,t,2,2,1
1.37.ag,2,2,t,4,6,2
4.3.b_ab_e_o,169,2,t,2,2,1
4.3.e_j_v_bs,2,2,t,2,2,1
4.3.ab_g_af_w,2,8,t,8,14,4
3.8.ad_u_abr,7,4,t,4,6,2
2.7.a_an,9,1,t,2,2,1
3.7.c_g_ad,37,2,t,2,2,1
1.103.an,3,2,t,4,6,2
4.3.a_b_ah_c,25,2,t,2,2,1
2.47.j_dv,19,2,t,2,2,1
4.4.ab_c_i_ax,3,2,t,2,2,1
4.3.e_m_z_by,2,1,t,2,2,1
3.2.ac_c_ad,25,1,t,2,2,1
4.3.ad_g_ao_bc,961,2,t,2,2,1
4.2.c_b_ac_ad,7,1,t,2,2,1
2.103.bf_qi,11,2,t,2,2,1
2.109.at_id,73,2,t,2,2,1
2.127.ax_nd,3,8,t,8,14,4
4.3.ad_b_b_e,2,6,f,12,22,6
2.8.af_r,17,2,t,2,2,1
3.5.ad_ac_w,49,2,t,2,2,1
3.5.af_i_ah,4,2,t,2,2,1
2.29.aj_bp,9,2,t,2,2,1
4.3.e_d_ak_abd,16,1,t,2,2,1
1.25.ag,2,2,t,4,6,2
2.19.ab_x,3,6,t,6,10,3
2.7.d_c,2,1,t,2,2,1
2.19.ab_ax,49,2,t,2,2,1
2.17.ad_bk,2,2,t,4,6,2
2.11.h_be,2,2,t,2,2,1
2.11.h_bc,25,2,t,2,2,1
4.3.ac_g_al_r,11,2,t,2,2,1
3.5.ag_w_acf,9,2,t,2,2,1
2.5.e_n,4,2,t,2,2,1
2.13.an_cq,2,1,t,2,2,1
5.2.ad_g_ak_o_ar,121,2,t,2,2,1
5.2.a_e_a_i_b,9,4,t,4,6,2
2.11.ag_z,5,2,t,4,6,2
1.23.e,2,2,t,2,2,1
5.2.a_c_ae_d_aj,7,2,t,2,2,1
3.5.d_c_ai,2,4,t,4,6,2
3.8.d_w_br,17,2,t,2,2,1
2.13.a_aw,2,6,t,12,22,6
5.2.b_d_c_e_d,5329,2,t,2,2,1
4.3.ae_j_av_bs,2,2,t,2,2,1
2.13.a_ay,25,2,t,2,2,1
4.3.f_n_bf_cm,2,2,t,4,6,2
3.5.b_m_l,4,2,t,2,2,1
3.7.ac_g_d,37,2,t,2,2,1
2.83.bh_qw,2,2,t,2,2,1
4.3.b_b_ad_b,25,2,t,2,2,1
5.2.b_c_c_g_j,1681,2,t,2,2,1
3.8.ag_bd_adf,41,2,t,2,2,1
2.19.g_p,4,4,t,4,6,2
2.37.x_hy,3,1,t,2,2,1
3.7.ab_g_abd,31,2,t,2,2,1
3.7.ak_bx_aga,2,7,f,14,26,7
2.103.bd_pn,29,2,t,2,2,1
2.27.j_cv,11,2,t,2,2,1
5.2.e_i_i_a_aj,9,1,t,2,2,1
2.25.ah_bx,13,2,t,2,2,1
2.89.abf_pr,9,2,t,2,2,1
2.41.al_dd,5,6,t,6,10,3
5.2.f_k_f_au_abx,25,1,t,2,2,1
2.79.al_fv,107,2,t,2,2,1
3.5.h_v_bu,2,4,f,8,14,4
1.103.n,3,2,t,4,6,2
2.13.e_d,3,3,t,6,10,3
5.2.b_a_a_e_f,7,2,t,2,2,1
2.13.ad_ab,9,2,t,2,2,1
1.11.e,2,1,t,2,2,1
5.2.ab_a_ac_c_d,841,2,t,2,2,1
3.7.ah_be_adt,4,2,t,2,2,1
2.37.al_dx,3,4,t,4,6,2
1.17.ag,2,2,t,2,2,1
5.2.ac_g_ak_q_az,9,2,t,2,2,1
3.7.c_ac_af,3,6,t,6,10,3
2.32.a_cf,121,2,t,2,2,1
2.5.ad_e,2,2,t,4,6,2
4.4.ad_d_ai_bf,6889,2,t,2,2,1
1.13.e,3,2,t,2,2,1
4.2.a_b_ad_ab,7,2,t,4,6,2
2.29.n_ds,2,4,t,4,6,2
2.23.r_eo,2,1,t,2,2,1
1.103.f,3,2,t,2,2,1
1.103.af,3,2,t,2,2,1
3.3.b_g_e,25,2,t,2,2,1
2.83.a_ady,2,16,t,16,30,8
3.5.b_ab_as,2,9,f,18,34,9
5.2.a_b_a_ab_f,9,4,t,4,6,2
4.2.ab_ae_b_l,9,1,t,2,2,1
2.3.b_c,2,1,t,2,2,1
4.3.ac_h_al_ba,841,2,t,2,2,1
4.3.af_q_abm_ct,4,4,t,4,6,2
2.17.g_bb,4,6,t,6,10,3
4.3.ad_h_ar_bj,49,2,t,2,2,1
5.2.ac_d_a_af_l,25,2,t,2,2,1
1.13.ag,2,1,t,2,2,1
2.41.b_p,43,2,t,2,2,1
4.2.ac_b_b_ab,7,2,t,2,2,1
2.89.abg_qk,2,4,t,8,14,4
5.2.c_e_a_ae_ap,9,2,t,2,2,1
4.2.a_b_b_b,9,4,t,4,6,2
2.31.b_af,5,4,t,4,6,2
4.4.a_g_l_n,7,2,t,2,2,1
5.2.ac_b_c_ad_f,289,2,t,2,2,1
4.3.ac_f_ak_l,16,2,t,2,2,1
3.5.h_ba_co,9,2,t,2,2,1
4.3.e_m_bb_cb,13,2,t,2,2,1
4.4.ai_bg_adk_hl,31,2,t,2,2,1
3.7.b_a_x,9,1,t,2,2,1
2.5.g_s,2,3,f,6,10,3
2.73.y_lc,71,2,t,2,2,1
1.128.n,7,2,t,2,2,1
4.3.d_d_ai_aba,25,2,t,2,2,1
5.2.ad_j_as_bi_abx,49,2,t,2,2,1
4.2.b_d_d_h,23,2,t,2,2,1
4.3.b_af_ac_q,2,2,t,2,2,1
5.2.b_c_ab_ag_aj,9,2,t,2,2,1
5.2.c_e_g_n_t,7,2,t,2,2,1
4.4.i_bl_el_kh,13,2,t,2,2,1
4.3.d_d_g_q,2,2,t,2,2,1
4.4.af_j_aj_n,9,2,t,2,2,1
4.2.ab_ab_ab_h,7,1,t,2,2,1
3.8.ac_af_bn,841,2,t,2,2,1
3.5.ab_ab_s,2,9,f,18,34,9
5.2.c_d_a_af_al,25,2,t,2,2,1
3.8.ae_ac_bf,7921,2,t,2,2,1
3.8.c_p_bl,23,2,t,2,2,1
4.4.d_k_u_bp,5,6,t,6,10,3
1.128.an,7,2,t,2,2,1
3.7.ae_ae_bp,3,2,t,2,2,1
2.101.ak_ab,4,4,t,4,6,2
3.7.al_ci_ahq,2,1,t,2,2,1
2.71.t_hn,47,2,t,2,2,1
4.3.ac_b_h_au,2,2,t,2,2,1
5.2.ac_e_ag_h_al,961,2,t,2,2,1
5.2.ac_a_b_b_ab,9,2,t,4,6,2
5.2.ab_b_ae_f_ab,7,2,t,2,2,1
2.47.av_hm,2,1,t,2,2,1
4.3.f_p_bh_cj,49,2,t,2,2,1
3.7.ae_j_ai,2,11,f,22,42,11
5.2.c_b_ac_af_aj,1681,2,t,2,2,1
5.2.b_d_a_a_ah,961,2,t,2,2,1
2.101.ab_agx,5,6,f,6,10,3
5.2.c_g_k_r_z,841,2,t,2,2,1
1.81.h,5,2,t,2,2,1
4.3.ab_f_al_n,37,2,t,2,2,1
4.3.b_f_j_t,169,2,t,2,2,1
2.97.ax_ki,2,10,t,10,18,5
5.2.c_d_e_h_n,9,4,t,4,6,2
5.2.ab_a_b_ad_f,9,2,t,2,2,1
2.49.ab_adf,25,2,t,2,2,1
4.4.i_be_cv_ft,29,1,t,2,2,1
4.3.ad_b_i_au,2,2,t,2,2,1
4.3.b_g_f_w,2,8,t,8,14,4
2.73.r_fs,2,8,t,8,14,4
5.2.a_c_e_d_j,7,2,t,2,2,1
2.23.h_bz,13,2,t,2,2,1
2.89.abd_ol,11,2,t,2,2,1
2.19.d_j,5,6,t,6,10,3
4.2.a_b_ac_ad,7,2,t,2,2,1
2.89.abj_sq,2,2,t,2,2,1
4.3.ad_g_ae_c,2,2,t,2,2,1
3.5.ai_bi_adq,2,1,t,2,2,1
3.9.ac_x_abj,11,2,t,2,2,1
2.89.bd_ou,2,6,t,6,10,3
4.3.c_h_l_ba,841,2,t,2,2,1
4.3.ad_k_aw_bp,4,4,t,4,6,2
2.4.ab_f,3,2,t,2,2,1
1.53.k,2,2,t,4,6,2
2.7.ab_ae,3,2,t,2,2,1
4.3.e_l_t_bj,49,2,t,2,2,1
5.2.a_b_ac_d_d,9,2,t,2,2,1
1.53.ak,2,2,t,4,6,2
2.37.r_fj,7,2,t,2,2,1
2.79.am_co,2,18,t,18,34,9
4.3.ab_c_ai_l,4,2,t,2,2,1
4.4.f_j_j_n,9,2,t,2,2,1
3.5.d_a_aq,2,2,t,4,6,2
2.19.am_cu,17,2,t,2,2,1
4.2.ab_ac_b_f,9,2,t,4,6,2
4.3.b_f_f_t,61,2,t,2,2,1
2.31.ar_fa,2,2,t,2,2,1
4.3.e_o_bi_cn,4,2,t,2,2,1
3.9.ah_k_n,4,2,t,2,2,1
2.23.a_bj,9,4,t,4,6,2
3.5.ad_c_i,2,4,t,4,6,2
4.3.ad_d_h_ax,11,2,t,4,6,2
2.4.b_f,3,2,t,2,2,1
2.7.b_ae,3,2,t,2,2,1
2.73.abh_qc,3,2,t,2,2,1
3.7.ac_ae_bf,3,6,f,12,22,6
4.3.ad_k_at_bm,2,4,t,8,14,4
5.2.b_c_c_ac_ab,1681,2,t,2,2,1
4.3.ab_e_ab_h,47,2,t,2,2,1
5.2.d_d_a_ac_ad,361,2,t,2,2,1
4.3.ad_i_ap_z,37,2,t,2,2,1
1.121.d,5,2,t,2,2,1
5.2.d_j_r_bf_bt,23,2,t,2,2,1
1.121.ad,5,2,t,2,2,1
3.5.aj_bp_aek,2,3,f,6,10,3
4.3.a_c_d_l,11,2,t,2,2,1
4.3.c_b_ai_aq,2,2,t,4,6,2
4.3.e_p_bi_ct,16,2,t,2,2,1
5.2.a_b_ae_d_ad,9,2,t,2,2,1
2.107.aj_hn,101,2,t,2,2,1
3.3.ac_a_c,4,1,t,2,2,1
4.4.ae_o_abf_cr,5,6,t,6,10,3
1.43.k,3,2,t,2,2,1
3.3.ac_b_e,2,7,f,14,26,7
2.23.ah_bo,19,2,t,2,2,1
4.2.b_b_b_ad,9,1,t,2,2,1
5.2.ae_m_aba_bw_acv,9,2,t,2,2,1
1.43.ak,3,2,t,2,2,1
2.127.af_jz,41,2,t,2,2,1
2.13.d_ab,9,2,t,2,2,1
2.32.al_dl,89,2,t,2,2,1
4.4.af_v_acf_fd,5,2,t,2,2,1
2.23.ar_eo,2,1,t,2,2,1
4.4.ac_ab_d_ad,3721,2,t,2,2,1
2.23.j_bs,9,2,t,2,2,1
1.41.k,2,2,t,4,6,2
3.3.b_d_k,2,2,t,4,6,2
3.9.h_k_an,4,2,t,2,2,1
1.41.ak,2,2,t,4,6,2
3.5.af_o_abh,4,2,t,2,2,1
4.2.c_b_d_j,169,2,t,2,2,1
5.2.c_f_i_p_v,169,2,t,2,2,1
1.97.ai,3,4,t,4,6,2
3.3.ab_e_af,4,2,t,2,2,1
5.2.b_e_b_g_ad,9,2,t,2,2,1
2.17.b_m,2,8,t,8,14,4
1.5.ac,2,1,t,2,2,1
5.2.ac_d_ae_i_an,9,2,t,2,2,1
5.2.d_e_e_a_ah,25,2,t,2,2,1
4.3.e_f_d_e,2,2,t,2,2,1
2.59.b_adp,169,2,t,2,2,1
5.2.a_c_a_ac_b,169,2,t,2,2,1
3.9.an_dd_als,7,2,t,2,2,1
5.2.ab_e_ae_g_aj,841,2,t,2,2,1
3.5.i_be_cy,4,1,t,2,2,1
2.9.d_n,7,2,t,2,2,1
4.3.ac_j_ao_bj,16,2,t,2,2,1
2.17.ah_ba,9,4,t,4,6,2
1.9.ac,2,2,t,2,2,1
3.7.c_g_bn,3,4,t,4,6,2
5.2.ac_b_b_b_af,25,2,t,2,2,1
4.3.a_d_k_ab,16,1,t,2,2,1
3.4.d_g_p,9,2,t,2,2,1
2.73.al_gq,2,8,t,8,14,4
3.7.ai_bb_acp,9,2,t,2,2,1
3.3.a_ac_c,4,2,t,2,2,1
3.5.g_q_bg,4,2,t,2,2,1
2.11.af_n,5,2,t,2,2,1
2.17.an_cw,9,2,t,2,2,1
2.121.abf_rd,37,2,t,2,2,1
2.101.ag_add,4,4,t,4,6,2
2.128.n_lj,113,2,t,2,2,1
3.5.d_m_bc,2,4,t,4,6,2
5.2.ab_b_ac_f_aj,7,2,t,2,2,1
4.2.a_ab_a_f,9,2,t,2,2,1
2.49.an_ef,5,6,t,6,10,3
2.41.s_gf,9,2,t,2,2,1
3.7.ac_d_l,3,4,t,4,6,2
4.3.g_s_bq_de,2,6,f,12,22,6
4.3.e_m_bb_ca,49,2,t,2,2,1
5.2.d_g_k_o_r,121,2,t,2,2,1
2.11.j_bp,9,2,t,2,2,1
2.37.aq_fe,2,8,f,16,30,8
3.7.c_ae_abf,3,6,f,12,22,6
1.83.ai,2,2,t,2,2,1
4.3.d_i_p_z,37,2,t,2,2,1
3.7.h_be_dr,19,2,t,2,2,1
3.7.ah_v_aby,2,8,f,16,30,8
4.2.a_d_a_f,25,1,t,2,2,1
4.3.b_ae_b_w,2,10,f,20,38,10
2.17.d_bk,2,2,t,4,6,2
3.9.ad_u_ace,2,8,t,8,14,4
4.3.b_c_ah_ak,2,4,t,8,14,4
4.3.d_g_m_t,4,2,t,2,2,1
4.3.b_ac_ad_ac,2,8,t,8,14,4
2.29.ah_cl,13,2,t,2,2,1
2.61.t_gz,5,6,t,6,10,3
3.5.h_bc_cz,4,1,t,2,2,1
2.19.af_bs,3,2,t,2,2,1
4.3.a_a_b_an,25,1,t,2,2,1
2.49.at_hc,2,6,t,6,10,3
5.2.c_g_m_u_bh,9,2,t,2,2,1
3.5.ah_ba_aco,9,2,t,2,2,1
2.47.ah_bk,31,2,t,2,2,1
5.2.c_h_m_x_bh,9,2,t,2,2,1
4.2.c_c_ab_af,7,1,t,2,2,1
4.3.ad_c_ah_ba,2,7,f,14,26,7
2.3.c_c,2,2,t,4,6,2
5.2.a_c_c_d_f,2809,2,t,2,2,1
4.2.a_c_ad_d,17,2,t,2,2,1
5.2.b_c_b_f_d,7,2,t,2,2,1
3.5.b_ae_an,4,2,t,2,2,1
2.71.bf_or,11,1,t,2,2,1
2.61.t_gt,5,2,t,2,2,1
4.2.ad_f_aj_p,7,1,t,2,2,1
3.5.d_g_r,9,2,t,2,2,1
5.2.ad_c_d_ag_h,3481,2,t,2,2,1
2.27.k_cv,73,2,t,2,2,1
4.3.b_e_k_h,4,2,t,2,2,1
2.29.ab_abr,9,4,t,4,6,2
3.5.a_ad_ab,9,2,t,2,2,1
2.5.b_ab,9,2,t,2,2,1
4.4.d_d_ao_abv,49,2,t,2,2,1
5.2.af_k_af_au_bx,25,1,t,2,2,1
5.2.ab_d_ab_i_af,7,2,t,2,2,1
4.4.j_br_fi_mj,9,2,t,2,2,1
3.5.f_o_bg,2,4,t,4,6,2
4.3.ab_k_ai_br,4,2,t,2,2,1
5.2.ac_ac_h_d_at,9,1,t,2,2,1
4.3.d_g_e_c,2,2,t,2,2,1
5.2.c_b_a_d_h,361,2,t,2,2,1
5.2.b_ad_ae_e_l,9,1,t,2,2,1
4.3.c_c_ah_aq,49,2,t,2,2,1
3.5.af_t_abu,2,7,f,14,26,7
3.5.e_r_bn,9,2,t,2,2,1
2.11.b_p,5,2,t,2,2,1
5.2.ad_e_ae_a_h,25,2,t,2,2,1
5.2.d_f_i_k_l,289,2,t,2,2,1
5.2.a_a_e_e_ad,7,3,f,6,10,3
2.17.h_bc,2,6,t,6,10,3
4.3.ab_f_ag_w,169,2,t,2,2,1
4.3.a_ad_b_k,841,2,t,2,2,1
4.3.ae_d_l_abg,2,1,t,2,2,1
4.3.f_k_p_ba,2,3,f,6,10,3
4.3.ac_a_ad_o,2,2,t,2,2,1
3.3.b_a_ah,4,2,t,2,2,1
5.2.ad_f_ae_c_b,49,1,t,2,2,1
4.2.ae_i_am_r,7,1,t,2,2,1
2.59.at_gz,29,2,t,2,2,1
4.3.a_a_ab_an,25,1,t,2,2,1
4.3.f_j_b_aq,2,4,t,8,14,4
4.2.b_ac_ab_f,9,2,t,4,6,2
3.7.ac_ag_x,25,2,t,2,2,1
4.3.b_b_d_h,23,2,t,2,2,1
3.5.i_bi_dq,2,1,t,2,2,1
2.107.abn_ww,2,1,t,2,2,1
3.3.ac_ac_k,49,2,t,2,2,1
2.47.ah_dg,53,2,t,2,2,1
2.31.a_acc,2,4,t,8,14,4
2.41.t_gp,31,2,t,2,2,1
2.127.x_nd,3,8,t,8,14,4
3.7.c_ad_abb,5041,2,t,2,2,1
2.13.ab_ai,2,4,t,4,6,2
1.64.aj,5,2,t,2,2,1
3.7.ae_b_y,2,9,f,18,34,9
2.23.ao_dn,4,4,t,4,6,2
2.53.y_jm,2,7,f,14,26,7
2.17.a_aj,25,2,t,2,2,1
4.2.ab_d_ad_h,23,2,t,2,2,1
3.7.i_bb_cp,9,2,t,2,2,1
3.3.d_k_r,4,2,t,2,2,1
1.113.s,2,4,t,4,6,2
5.2.d_e_g_o_z,25,1,t,2,2,1
2.43.ae_cg,2,14,t,14,26,7
5.2.a_c_c_c_j,169,2,t,2,2,1
5.2.ad_d_a_ab_ab,9,2,t,2,2,1
2.37.ah_dh,11,2,t,2,2,1
2.53.bb_lc,2,1,t,2,2,1
1.7.ab,3,1,t,2,2,1
1.29.ac,2,2,t,4,6,2
4.3.ab_b_ad_h,23,2,t,2,2,1
2.47.as_gd,4,6,t,6,10,3
2.17.ag_bb,4,6,t,6,10,3
1.109.s,2,2,t,4,6,2
2.101.abb_or,17,2,t,2,2,1
2.53.h_ae,2,2,t,4,6,2
3.5.ad_a_l,4,2,t,2,2,1
3.3.c_e_c,4,1,t,2,2,1
2.59.l_fd,83,2,t,2,2,1
2.59.x_jn,17,2,t,2,2,1
4.3.ad_g_am_t,4,2,t,2,2,1
4.3.b_d_j_h,11,2,t,4,6,2
1.113.as,2,4,t,4,6,2
4.3.ab_g_am_t,4,2,t,2,2,1
3.5.f_i_h,4,2,t,2,2,1
4.3.ad_d_ah_u,2,4,t,8,14,4
3.9.ae_q_abd,7,6,t,6,10,3
4.2.a_b_d_ab,7,2,t,4,6,2
4.3.c_ac_d_ba,2,1,t,2,2,1
4.2.ab_d_ae_j,25,2,t,2,2,1
3.4.c_ad_an,169,2,t,2,2,1
2.107.a_fr,361,2,t,2,2,1
1.109.as,2,2,t,4,6,2
4.3.a_af_b_q,2,2,t,2,2,1
4.3.g_u_bw_dn,13,1,t,2,2,1
4.2.b_d_a_d,9,2,t,2,2,1
4.3.c_d_ae_ah,16,4,t,4,6,2
2.67.u_hu,2,14,t,14,26,7
5.2.c_e_i_n_v,1681,1,t,2,2,1
2.101.k_ab,4,4,t,4,6,2
2.53.x_ix,7,2,t,2,2,1
4.2.ac_b_ad_j,169,2,t,2,2,1
3.5.ae_g_ag,2,4,t,4,6,2
5.2.a_b_ad_c_ad,3721,2,t,2,2,1
4.3.d_d_ai_az,25,2,t,2,2,1
3.7.f_o_bp,3,2,t,2,2,1
3.9.f_f_ah,841,2,t,2,2,1
2.47.f_dv,11,2,t,2,2,1
4.3.ah_bc_acz_fy,2,2,t,4,6,2
5.2.c_g_k_u_z,9,2,t,2,2,1
5.2.ac_g_ak_t_az,121,2,t,2,2,1
2.29.h_bn,5,6,t,6,10,3
3.5.ab_ae_n,4,2,t,2,2,1
2.127.ah_adr,289,2,t,2,2,1
2.9.i_bg,7,2,t,2,2,1
3.5.f_f_ag,2,4,f,8,14,4
2.13.af_bg,2,2,t,4,6,2
5.2.e_h_l_w_bl,25,1,t,2,2,1
4.3.a_ac_ac_n,4,2,t,2,2,1
4.3.c_h_q_z,16,4,t,4,6,2
2.71.h_fg,89,2,t,2,2,1
5.2.b_e_e_g_j,841,2,t,2,2,1
3.7.ac_h_abf,3,6,t,6,10,3
2.23.af_c,2,1,t,2,2,1
4.3.f_t_bu_dq,4,2,t,2,2,1
5.2.b_a_ab_ad_af,9,2,t,2,2,1
4.3.a_e_l_c,2,1,t,2,2,1
4.3.d_g_i_h,4,2,t,2,2,1
2.73.bg_pl,4,1,t,2,2,1
5.2.c_g_i_s_v,9,2,t,2,2,1
2.73.bf_ow,3,2,t,2,2,1
4.4.e_c_an_abj,5,4,t,8,14,4
4.3.a_ab_c_af,16,2,t,2,2,1
2.113.a_cl,289,2,t,2,2,1
5.2.a_a_e_c_ab,25,2,t,2,2,1
5.2.ac_g_ak_t_abb,361,2,t,2,2,1
5.2.a_a_a_a_al,25,2,t,2,2,1
4.2.ab_f_ae_n,9,2,t,2,2,1
3.7.j_bu_fq,2,1,t,2,2,1
1.5.c,2,1,t,2,2,1
2.83.abf_pk,25,2,t,2,2,1
3.3.ag_t_abo,2,2,t,4,6,2
1.17.ac,2,2,t,4,6,2
2.47.h_bk,31,2,t,2,2,1
2.41.ab_cd,61,2,t,2,2,1
4.2.b_e_c_j,31,1,t,2,2,1
2.47.a_cx,169,2,t,2,2,1
5.2.c_d_e_i_n,9,2,t,2,2,1
3.3.ad_c_c,2,1,t,2,2,1
3.7.g_bf_dl,3,1,t,2,2,1
4.3.d_c_h_ba,2,7,f,14,26,7
2.71.ab_aer,9,4,t,4,6,2
5.2.a_b_a_af_b,169,2,t,2,2,1
3.5.ae_p_abk,2,8,t,8,14,4
4.3.ab_e_ak_h,4,2,t,2,2,1
1.125.as,2,4,t,4,6,2
2.23.ah_bz,13,2,t,2,2,1
4.3.ab_c_ag_f,4,8,t,8,14,4
4.3.a_e_e_h,47,2,t,2,2,1
1.9.c,2,2,t,2,2,1
1.13.ac,2,2,t,4,6,2
4.3.e_o_be_cj,4,2,t,2,2,1
4.4.e_s_br_ef,7,2,t,2,2,1
2.17.f_i,2,3,t,6,10,3
4.3.d_d_af_ar,13,2,t,2,2,1
4.2.ac_c_b_af,7,1,t,2,2,1
4.3.c_b_af_an,121,2,t,2,2,1
3.7.d_m_r,47,2,t,2,2,1
2.19.f_h,5,2,t,2,2,1
3.9.ai_bk_ael,23,2,t,2,2,1
1.125.s,2,4,t,4,6,2
2.23.ad_d,11,2,t,2,2,1
3.3.a_b_ai,2,6,f,12,22,6
2.7.ah_ba,2,1,t,2,2,1
2.37.w_hm,2,4,f,8,14,4
4.3.d_b_ab_e,2,6,f,12,22,6
2.13.ai_bm,2,7,f,14,26,7
5.2.ab_c_b_ag_j,9,2,t,2,2,1
3.3.c_b_ae,2,7,f,14,26,7
2.3.ab_ac,2,1,t,2,2,1
5.2.b_c_ab_a_af,25,4,t,4,6,2
5.2.c_c_i_n_l,25,1,t,2,2,1
3.3.d_e_e,25,2,t,2,2,1
5.2.ad_j_ar_bf_abt,23,2,t,2,2,1
2.7.a_ad,4,2,t,2,2,1
4.2.b_f_e_n,9,2,t,2,2,1
4.2.b_b_b_ab,7,2,t,2,2,1
1.73.ah,3,2,t,4,6,2
4.3.ac_e_al_w,2,2,t,2,2,1
1.19.ac,3,2,t,2,2,1
2.13.ak_bv,4,2,t,4,6,2
2.113.bh_te,7,2,t,2,2,1
2.113.bh_sm,2,6,t,6,10,3
4.3.ag_u_abw_dn,13,1,t,2,2,1
5.2.b_ad_ac_e_f,9,2,t,4,6,2
1.67.f,3,2,t,4,6,2
4.3.af_r_abq_de,25,2,t,2,2,1
2.101.l_gj,131,2,t,2,2,1
2.97.al_id,47,2,t,2,2,1
2.103.d_afp,9,2,t,2,2,1
3.7.ag_e_ba,4,1,t,2,2,1
4.3.a_g_a_t,4,8,t,8,14,4
3.5.f_p_bm,2,9,f,18,34,9
2.43.e_cg,2,14,t,14,26,7
4.4.a_ak_ab_cb,3,1,t,2,2,1
5.2.ae_l_ay_br_acp,25,2,t,2,2,1
3.5.ae_r_abn,9,2,t,2,2,1
3.5.a_ab_m,2,8,t,8,14,4
4.3.ac_ae_e_n,4,3,t,6,10,3
2.5.ad_m,2,1,t,2,2,1
5.2.a_b_a_af_ab,169,2,t,2,2,1
2.89.aj_gy,2,10,t,10,18,5
4.3.af_t_abu_dq,4,2,t,2,2,1
2.11.af_q,49,2,t,2,2,1
3.7.e_ag_acc,4,3,t,6,10,3
3.5.f_t_bu,2,7,f,14,26,7
3.8.ai_bn_aff,7,2,t,2,2,1
5.2.c_b_e_f_ab,361,2,t,2,2,1
4.3.af_k_ap_ba,2,3,f,6,10,3
3.5.a_ab_am,2,8,t,8,14,4
5.2.ae_i_am_t_abd,1681,2,t,2,2,1
2.13.b_ai,2,4,t,4,6,2
4.3.d_h_r_bj,49,2,t,2,2,1
2.19.al_cn,3,2,t,2,2,1
2.79.ad_adz,9,4,t,4,6,2
4.3.e_i_j_i,25,2,t,2,2,1
4.3.ae_k_at_bg,49,2,t,2,2,1
3.5.ad_g_ae,2,4,t,4,6,2
2.17.n_cy,2,2,t,2,2,1
4.3.b_e_ac_f,13,2,t,2,2,1
2.61.l_cd,19,2,t,2,2,1
2.47.ax_is,2,2,t,2,2,1
1.49.f,3,2,t,2,2,1
3.3.ab_d_ak,2,2,t,4,6,2
3.8.b_i_an,7,6,t,6,10,3
2.13.ae_d,3,3,t,6,10,3
2.83.n_ct,9,2,t,2,2,1
4.3.ac_g_ad_k,2,2,t,2,2,1
4.3.c_f_h_r,13,2,t,2,2,1
5.2.ac_f_ai_j_ar,9,2,t,2,2,1
5.2.d_g_i_i_l,169,2,t,2,2,1
2.71.b_aer,9,4,t,4,6,2
4.2.ab_a_d_ad,289,2,t,2,2,1
4.3.b_h_g_z,13,2,t,2,2,1
3.5.ac_b_n,9,2,t,2,2,1
4.3.ac_a_g_ar,4,2,t,2,2,1
5.2.b_c_a_ac_ah,961,2,t,2,2,1
2.83.z_lx,25,2,t,2,2,1
4.3.d_c_i_bd,25,1,t,2,2,1
4.4.f_g_au_adb,81,2,t,2,2,1
2.9.f_q,2,4,t,8,14,4
2.128.abn_yl,41,2,t,2,2,1
5.2.af_o_abe_cc_adf,169,2,t,2,2,1
2.128.an_lj,113,2,t,2,2,1
3.3.c_e_e,2,2,t,2,2,1
4.3.e_e_al_abm,2,1,t,2,2,1
4.3.d_f_ae_ao,4,2,t,2,2,1
3.7.d_k_bv,3,2,t,2,2,1
2.7.ag_s,2,2,t,4,6,2
1.113.q,7,2,t,2,2,1
1.107.aq,2,2,t,2,2,1
3.9.e_q_bd,7,6,t,6,10,3
4.3.ab_c_af_o,2,8,t,8,14,4
5.2.b_b_f_f_d,25,2,t,2,2,1
5.2.ae_h_ad_am_bd,121,2,t,2,2,1
5.2.a_b_e_d_d,9,2,t,2,2,1
5.2.b_e_g_o_n,9,1,t,2,2,1
4.3.ab_f_ak_r,13,2,t,2,2,1
2.17.a_abb,4,1,t,2,2,1
2.23.b_abj,25,2,t,2,2,1
2.25.ao_dn,4,2,t,2,2,1
5.2.a_b_a_ab_af,9,4,t,4,6,2
1.107.q,2,2,t,2,2,1
3.7.e_c_ak,4,8,t,8,14,4
1.113.aq,7,2,t,2,2,1
2.53.n_fs,2,4,t,4,6,2
5.2.a_a_a_a_l,25,2,t,2,2,1
1.43.f,7,2,t,2,2,1
2.29.b_abn,7,2,t,2,2,1
3.5.b_c_g,9,6,t,6,10,3
5.2.b_d_d_g_d,7,2,t,2,2,1
5.2.ac_e_ai_n_av,1681,1,t,2,2,1
3.3.ac_f_ai,2,4,t,8,14,4
2.101.abf_qz,71,2,t,2,2,1
2.25.j_bp,9,2,t,2,2,1
2.29.al_cj,5,2,t,2,2,1
2.101.abb_nh,19,2,t,2,2,1
5.2.c_b_ab_b_f,25,2,t,2,2,1
3.3.ab_g_ah,4,2,t,2,2,1
1.37.l,3,1,t,2,2,1
3.4.ac_ad_n,169,2,t,2,2,1
2.11.aj_bp,9,2,t,2,2,1
2.83.m_cc,2,12,f,12,22,6
4.3.ab_e_am_l,25,1,t,2,2,1
4.4.i_bg_dk_hl,31,2,t,2,2,1
4.4.ad_d_o_abv,49,2,t,2,2,1
4.3.ad_f_a_ae,2,2,t,2,2,1
1.37.al,3,1,t,2,2,1
2.11.g_z,5,2,t,4,6,2
4.3.a_j_a_bl,16,2,t,2,2,1
5.2.c_c_a_ae_af,9,4,t,4,6,2
4.3.ad_c_ad_n,11,2,t,2,2,1
4.3.g_t_br_dc,2,2,t,2,2,1
5.2.a_c_a_d_af,81,2,t,2,2,1
4.4.af_g_u_adb,81,2,t,2,2,1
1.31.f,3,2,t,2,2,1
2.19.b_b,17,2,t,2,2,1
1.89.q,5,2,t,2,2,1
3.5.i_bg_dg,11,1,t,2,2,1
2.16.ab_b,5,6,t,6,10,3
5.2.ac_ac_i_b_ar,1681,1,t,2,2,1
1.89.aq,5,2,t,2,2,1
1.37.ah,3,2,t,2,2,1
4.3.d_f_a_ae,2,2,t,2,2,1
2.23.f_c,2,1,t,2,2,1
2.31.al_dn,41,2,t,2,2,1
2.89.bh_ri,5,2,t,2,2,1
2.79.r_ia,73,2,t,2,2,1
2.13.i_bi,2,4,t,8,14,4
1.31.ah,5,2,t,2,2,1
2.127.h_ho,149,2,t,2,2,1
2.17.ah_bc,2,6,t,6,10,3
3.5.ag_s_abp,9,2,t,2,2,1
4.2.c_d_d_b,9,1,t,2,2,1
2.79.l_er,89,2,t,2,2,1
2.83.as_jh,241,2,t,2,2,1
4.2.e_i_m_r,7,1,t,2,2,1
3.8.ab_i_n,7,6,t,6,10,3
4.3.c_f_i_n,37,2,t,2,2,1
5.2.a_a_c_ac_ad,9,2,t,2,2,1
2.19.ag_p,4,4,t,4,6,2
4.3.f_i_a_ao,2,1,t,2,2,1
5.2.c_e_f_h_f,81,2,t,2,2,1
1.83.q,2,2,t,2,2,1
1.83.aq,2,2,t,2,2,1
2.29.af_ad,5,2,t,2,2,1
2.25.aj_bp,9,2,t,2,2,1
4.2.ab_b_ab_ad,9,1,t,2,2,1
3.8.ad_ah_bv,361,2,t,2,2,1
4.3.e_f_ae_at,16,2,t,2,2,1
2.5.ac_ab,4,1,t,2,2,1
3.5.ab_c_av,4,4,f,8,14,4
5.2.ad_f_ai_k_al,289,2,t,2,2,1
2.41.r_fg,2,4,t,4,6,2
5.2.f_o_bc_bu_cp,25,2,t,2,2,1
2.5.e_l,11,1,t,2,2,1
4.4.aj_br_afi_mj,9,2,t,2,2,1
2.11.ab_af,7,2,t,2,2,1
2.127.h_jk,167,2,t,2,2,1
5.2.ab_c_af_i_af,25,2,t,2,2,1
3.3.c_a_ae,2,2,t,2,2,1
4.3.ad_d_f_ar,13,2,t,2,2,1
2.47.y_jd,4,2,t,2,2,1
3.9.g_l_l,49,2,t,2,2,1
4.3.c_b_ag_ar,16,2,t,2,2,1
4.3.b_e_i_h,625,2,t,2,2,1
5.2.ac_c_ai_n_al,25,1,t,2,2,1
3.8.b_ag_abb,1681,2,t,2,2,1
3.8.k_by_gj,17,2,t,2,2,1
5.2.ad_g_aj_p_av,7,2,t,2,2,1
5.2.a_c_ac_d_af,2809,2,t,2,2,1
2.53.av_hz,11,2,t,2,2,1
4.3.b_c_i_l,4,2,t,2,2,1
4.3.c_e_i_t,37,2,t,2,2,1
5.2.ae_k_au_bi_abz,7,3,f,6,10,3
5.2.c_d_e_e_b,9,2,t,2,2,1
3.4.ab_g_ab,7,2,t,2,2,1
2.79.x_jz,5,6,t,6,10,3
2.37.at_gi,2,2,t,4,6,2
2.109.abl_vk,2,4,t,4,6,2
2.79.x_jr,3,2,t,2,2,1
2.31.j_bz,5,6,t,6,10,3
3.5.d_h_w,2,4,t,8,14,4
2.5.a_ah,4,1,t,2,2,1
2.5.a_ad,4,1,t,2,2,1
2.41.l_dd,5,6,t,6,10,3
3.7.ah_be_adr,19,2,t,2,2,1
5.2.ad_c_b_g_at,9,2,t,2,2,1
5.2.b_c_b_ae_ab,25,1,t,2,2,1
4.4.e_k_bd_cr,19,2,t,2,2,1
3.7.ac_m_abd,19,2,t,2,2,1
3.9.ad_m_ai,2,8,t,8,14,4
1.13.f,3,1,t,2,2,1
2.31.ab_abj,11,2,t,2,2,1
2.107.bn_ww,2,1,t,2,2,1
3.7.k_bz_gj,25,2,t,2,2,1
5.2.ac_e_a_ae_p,9,2,t,2,2,1
4.3.ab_d_ab_n,47,2,t,2,2,1
1.125.aw,2,1,t,2,2,1
2.53.d_cr,47,2,t,2,2,1
5.2.ae_k_as_ba_abl,9,1,t,2,2,1
4.4.ac_af_f_v,5,6,t,6,10,3
5.2.b_c_b_b_ad,9,2,t,2,2,1
3.5.b_a_l,4,2,t,2,2,1
2.11.ah_be,2,2,t,2,2,1
3.5.ac_e_d,11,2,t,2,2,1
2.11.ah_bc,25,2,t,2,2,1
2.7.ad_c,2,1,t,2,2,1
2.11.f_q,49,2,t,2,2,1
2.3.b_ac,2,1,t,2,2,1
4.3.b_d_b_n,47,2,t,2,2,1
2.37.n_dh,25,2,t,2,2,1
5.2.c_e_f_g_j,9,2,t,2,2,1
2.13.c_af,4,4,t,4,6,2
1.125.w,2,1,t,2,2,1
5.2.ad_i_ap_bc_abp,25,2,t,2,2,1
3.5.a_ad_b,9,2,t,2,2,1
4.3.f_m_z_bx,11,1,t,2,2,1
2.5.c_d,4,2,t,2,2,1
2.83.abe_ox,4,4,t,4,6,2
2.17.i_bh,4,2,t,2,2,1
5.2.b_b_c_f_j,7,2,t,2,2,1
2.101.bb_or,17,2,t,2,2,1
5.2.c_g_k_q_z,9,2,t,2,2,1
2.19.ad_j,5,6,t,6,10,3
5.2.a_c_ac_c_aj,169,2,t,2,2,1
1.73.l,3,2,t,2,2,1
1.71.ae,2,2,t,2,2,1
1.73.al,3,2,t,2,2,1
4.3.c_f_k_l,16,2,t,2,2,1
4.2.ac_e_af_j,7,2,t,2,2,1
3.5.af_u_abv,4,2,t,2,2,1
2.37.aq_fa,2,8,t,8,14,4
2.29.a_acc,2,6,t,12,22,6
3.4.ad_g_ap,9,2,t,2,2,1
1.127.al,3,2,t,2,2,1
4.2.ab_e_af_j,81,2,t,2,2,1
1.19.ah,3,1,t,2,2,1
4.3.ab_f_aj_t,169,2,t,2,2,1
5.2.ab_c_ab_b_d,9,2,t,2,2,1
5.2.c_b_ac_ad_af,289,2,t,2,2,1
3.3.ad_k_ar,4,2,t,2,2,1
4.2.d_f_j_p,7,1,t,2,2,1
2.17.ag_bn,4,4,t,4,6,2
3.5.b_c_v,4,4,f,8,14,4
4.3.ae_i_al_o,2,2,t,2,2,1
5.2.ac_g_aj_r_av,289,2,t,2,2,1
3.7.aj_bu_afq,2,1,t,2,2,1
2.71.f_ff,7,4,t,4,6,2
5.2.ac_h_am_x_abh,9,2,t,2,2,1
1.127.l,3,2,t,2,2,1
2.37.a_acv,49,2,t,2,2,1
2.89.f_en,5,6,t,6,10,3
4.3.ae_f_ad_e,2,2,t,2,2,1
5.2.ac_b_b_f_an,7,2,t,2,2,1
3.5.af_f_g,2,4,f,8,14,4
2.47.aj_dv,19,2,t,2,2,1
4.3.f_q_bo_cz,4,1,t,2,2,1
5.2.ac_b_c_af_j,1681,2,t,2,2,1
3.8.ab_ag_bb,1681,2,t,2,2,1
4.2.b_a_ad_ad,289,2,t,2,2,1
4.3.ae_d_i_aw,49,2,t,2,2,1
4.3.b_c_f_o,2,8,t,8,14,4
2.23.h_bo,19,2,t,2,2,1
5.2.a_b_d_c_d,3721,2,t,2,2,1
2.4.ab_ad,3,2,t,4,6,2
5.2.c_d_ab_ae_al,81,2,t,2,2,1
5.2.d_e_b_ai_ar,9,3,f,6,10,3
2.7.d_f,9,2,t,2,2,1
5.2.ac_b_d_ae_d,25,2,t,4,6,2
2.13.d_ae,2,2,t,4,6,2
4.3.c_a_c_o,2,13,f,26,50,13
4.3.ab_f_af_t,61,2,t,2,2,1
2.101.al_gj,131,2,t,2,2,1
2.17.ai_bg,9,2,t,2,2,1
3.7.ab_a_ax,9,1,t,2,2,1
4.3.b_ab_a_c,529,2,t,2,2,1
3.5.h_z_ck,2,4,f,8,14,4
3.5.ag_w_ace,49,2,t,2,2,1
4.2.ac_d_ad_b,9,1,t,2,2,1
2.71.abb_md,7,2,t,2,2,1
3.7.ae_ag_cc,4,3,t,6,10,3
2.5.ac_d,4,2,t,2,2,1
1.67.l,7,2,t,2,2,1
4.3.ab_b_b_ao,529,2,t,2,2,1
2.4.b_ad,3,2,t,4,6,2
1.67.al,7,2,t,2,2,1
4.3.f_n_z_br,11,2,t,4,6,2
3.7.b_g_bd,31,2,t,2,2,1
2.37.v_ha,9,2,t,2,2,1
4.4.h_be_do_ib,31,1,t,2,2,1
3.7.g_v_cm,2,4,t,8,14,4
2.61.a_eq,121,2,t,2,2,1
3.3.ae_k_au,2,1,t,2,2,1
3.5.d_q_bd,4,2,t,2,2,1
5.2.d_d_b_b_d,2209,2,t,2,2,1
2.5.f_q,2,1,t,2,2,1
5.2.ad_e_ai_q_ax,9,2,t,2,2,1
2.27.a_k,2,16,t,16,30,8
2.23.a_av,25,2,t,2,2,1
3.5.j_bo_eh,4,1,t,2,2,1
5.2.c_a_ab_b_b,9,2,t,4,6,2
3.3.ad_h_aq,49,2,t,2,2,1
5.2.ac_e_ag_i_ap,9,2,t,2,2,1
2.31.l_cj,5,3,f,6,10,3
1.49.l,5,2,t,2,2,1
1.53.ae,7,2,t,2,2,1
1.49.al,5,2,t,2,2,1
2.23.a_abe,2,12,t,12,22,6
4.3.ab_a_g_af,4,4,t,4,6,2
2.31.al_cj,5,3,f,6,10,3
2.23.a_abi,2,8,f,16,30,8
2.17.i_bv,47,2,t,2,2,1
4.2.ac_a_d_af,9,1,t,2,2,1
5.2.b_e_ab_e_aj,17,2,t,2,2,1
3.9.g_x_cj,19,2,t,2,2,1
4.3.ad_i_aq_z,4,2,t,2,2,1
3.7.ag_o_abb,3,1,t,2,2,1
2.107.abc_oo,2,14,t,14,26,7
2.23.a_as,2,10,f,20,38,10
4.4.g_l_aj_ach,11,2,t,2,2,1
4.3.g_v_cc_ec,49,1,t,2,2,1
2.47.h_dg,53,2,t,2,2,1
3.5.e_p_bk,2,8,t,8,14,4
2.67.bf_ok,2,1,t,2,2,1
2.47.af_dv,11,2,t,2,2,1
2.17.aj_bv,9,2,t,2,2,1
2.7.ad_f,9,2,t,2,2,1
1.47.ae,2,2,t,2,2,1
1.127.ab,13,2,t,2,2,1
1.107.g,7,2,t,2,2,1
1.107.ag,7,2,t,2,2,1
4.3.ad_d_aj_bc,2,2,t,4,6,2
4.3.b_e_ah_ac,2,6,f,12,22,6
2.17.f_j,25,2,t,2,2,1
2.61.a_aer,9,2,t,4,6,2
3.7.ag_bf_adl,3,1,t,2,2,1
5.2.d_f_g_g_f,81,2,t,2,2,1
3.7.ac_ad_bb,5041,2,t,2,2,1
3.7.k_bx_ga,2,7,f,14,26,7
1.71.ad,5,2,t,2,2,1
4.3.b_c_g_f,4,8,t,8,14,4
2.47.n_et,17,2,t,2,2,1
2.43.p_eh,25,2,t,2,2,1
4.4.a_g_al_n,7,2,t,2,2,1
2.73.ay_lc,71,2,t,2,2,1
2.27.f_ab,49,2,t,2,2,1
2.41.a_bn,121,2,t,2,2,1
2.47.ag_bn,4,8,t,8,14,4
4.3.a_ah_a_z,16,1,t,2,2,1
5.2.a_c_a_d_f,81,2,t,2,2,1
2.59.t_gs,2,2,t,2,2,1
2.29.al_cv,5,4,t,4,6,2
2.23.a_abr,4,1,t,2,2,1
2.17.b_aq,2,4,t,8,14,4
2.61.at_gz,5,6,t,6,10,3
1.89.aj,5,2,t,2,2,1
2.19.f_bs,3,2,t,2,2,1
5.2.ae_i_ai_a_j,9,1,t,2,2,1
2.13.h_bm,3,2,t,2,2,1
5.2.ab_d_ac_e_ad,5329,2,t,2,2,1
2.67.az_kr,7,2,t,2,2,1
2.29.k_bz,4,4,t,4,6,2
3.5.c_ab_ad,9,2,t,2,2,1
4.3.ad_d_i_aba,25,2,t,2,2,1
1.29.ae,5,2,t,2,2,1
3.7.af_o_abp,3,2,t,2,2,1
4.2.c_e_f_j,7,2,t,2,2,1
4.3.ae_p_abi_ct,16,2,t,2,2,1
2.49.b_adf,25,2,t,2,2,1
3.9.a_ae_at,7,6,t,6,10,3
4.3.ad_g_ai_h,4,2,t,2,2,1
4.3.a_d_ag_ab,16,2,t,2,2,1
3.7.ac_m_an,53,2,t,2,2,1
2.61.at_gt,5,2,t,2,2,1
2.53.m_cr,4,2,t,2,2,1
2.41.ab_p,43,2,t,2,2,1
4.2.d_h_o_v,7,2,t,4,6,2
2.53.ad_cr,47,2,t,2,2,1
5.2.b_c_h_k_j,9,1,t,2,2,1
2.7.i_bd,4,1,t,2,2,1
4.2.b_ab_a_f,7,2,t,2,2,1
2.3.a_b,4,1,t,2,2,1
2.71.ax_js,5,4,t,4,6,2
2.11.b_af,7,2,t,2,2,1
4.3.ae_l_at_bj,49,2,t,2,2,1
5.2.ae_i_ao_z_abn,289,1,t,2,2,1
3.5.d_ac_ar,4,2,t,2,2,1
2.101.b_eb,137,2,t,2,2,1
4.3.ab_e_am_k,2,1,t,2,2,1
2.121.bf_rd,37,2,t,2,2,1
5.2.ad_e_ad_a_d,169,2,t,2,2,1
2.17.n_cw,9,2,t,2,2,1
2.5.ae_n,4,2,t,2,2,1
5.2.ac_c_ac_e_aj,169,2,t,2,2,1
4.3.ae_o_abe_cj,4,2,t,2,2,1
2.47.r_fs,23,2,t,2,2,1
2.37.s_fx,7,2,t,2,2,1
3.7.al_cd_ags,2,2,t,4,6,2
2.73.ar_fs,2,8,t,8,14,4
5.2.d_f_e_c_ab,49,1,t,2,2,1
5.2.c_c_c_e_j,169,2,t,2,2,1
2.7.a_c,2,6,t,12,22,6
2.71.r_ga,29,2,t,2,2,1
2.17.ab_m,2,8,t,8,14,4
2.53.ah_ae,2,2,t,4,6,2
4.3.ac_a_g_an,4,2,t,2,2,1
2.59.a_acc,2,16,t,16,30,8
4.2.ac_e_ag_j,17,2,t,2,2,1
5.2.ac_f_ai_p_av,169,2,t,2,2,1
4.3.ae_f_e_at,16,2,t,2,2,1
2.27.ak_cv,73,2,t,2,2,1
2.11.j_bm,2,1,t,2,2,1
3.5.c_e_ad,11,2,t,2,2,1
4.2.a_d_d_f,9,2,t,2,2,1
1.23.ae,2,2,t,2,2,1
2.7.a_ag,2,4,t,8,14,4
2.7.a_ac,2,8,f,16,30,8
4.3.ab_c_i_al,841,1,t,2,2,1
4.3.e_j_q_z,16,1,t,2,2,1
2.41.av_hk,2,2,t,4,6,2
2.5.c_ab,4,1,t,2,2,1
2.16.b_b,5,6,t,6,10,3
4.4.af_r_abt_dp,169,2,t,2,2,1
2.113.bj_um,2,4,t,4,6,2
5.2.d_f_d_ad_al,7,3,f,6,10,3
1.97.b,3,2,t,2,2,1
2.101.bf_qz,71,2,t,2,2,1
5.2.a_c_a_ac_ab,169,2,t,2,2,1
2.61.al_el,73,2,t,2,2,1
2.101.bb_nh,19,2,t,2,2,1
5.2.ac_e_ac_ad_j,25,1,t,2,2,1
3.5.ab_e_ar,9,2,t,2,2,1
3.9.b_z_r,13,2,t,2,2,1
4.2.c_c_f_l,9,1,t,2,2,1
2.71.al_eb,73,2,t,2,2,1
2.11.ad_g,2,2,t,2,2,1
4.3.af_n_az_bs,2,6,f,12,22,6
2.89.abb_my,2,6,t,6,10,3
4.3.d_d_j_bc,2,2,t,4,6,2
5.2.c_e_c_ad_aj,25,1,t,2,2,1
4.3.ac_b_g_aw,2209,2,t,2,2,1
4.3.ac_b_f_an,121,2,t,2,2,1
2.8.c_p,7,2,t,2,2,1
3.5.ai_be_acy,4,1,t,2,2,1
3.7.af_g_d,3,4,t,4,6,2
1.11.ae,2,1,t,2,2,1
2.13.b_x,3,4,t,4,6,2
3.5.f_o_bh,4,2,t,2,2,1
2.71.a_aew,2,12,t,12,22,6
5.2.ad_f_ag_g_af,81,2,t,2,2,1
2.37.l_dx,3,4,t,4,6,2
4.3.a_c_ad_l,11,2,t,2,2,1
4.3.a_ah_a_bd,16,1,t,2,2,1
3.7.l_cd_gs,2,2,t,4,6,2
2.11.b_v,19,2,t,2,2,1
5.2.ab_ad_g_e_ar,49,1,t,2,2,1
4.3.c_a_ag_an,4,2,t,2,2,1
1.13.ae,3,2,t,2,2,1
3.5.af_l_av,9,2,t,2,2,1
2.41.aj_bj,9,2,t,2,2,1
2.37.ag_ab,4,2,t,4,6,2
2.67.bd_ng,3,2,t,2,2,1
2.32.as_fn,9,2,t,2,2,1
5.2.c_d_g_j_l,289,2,t,2,2,1
5.2.d_g_h_e_d,9,2,t,2,2,1
3.4.c_j_l,5,2,t,2,2,1
5.2.ad_g_ah_e_ad,9,2,t,2,2,1
5.2.d_g_f_ac_aj,7,1,t,2,2,1
3.5.e_g_g,2,4,t,4,6,2
2.17.ai_bq,2,8,t,8,14,4
4.2.ab_d_ag_h,9,2,t,2,2,1
3.7.d_af_abu,2,3,f,6,10,3
5.2.ad_g_af_ac_j,7,1,t,2,2,1
4.3.b_b_ab_ao,529,2,t,2,2,1
2.25.ar_es,3,2,t,2,2,1
1.97.f,11,2,t,2,2,1
2.121.abp_zl,19,2,t,2,2,1
1.73.q,3,2,t,2,2,1
2.43.z_ji,2,1,t,2,2,1
2.31.r_fb,3,2,t,2,2,1
3.4.ab_c_h,5,2,t,2,2,1
1.73.aq,3,2,t,2,2,1
2.37.aq_er,4,2,t,2,2,1
2.107.r_kz,29,2,t,2,2,1
4.4.ae_k_abd_cr,19,2,t,2,2,1
3.5.ah_z_ack,2,4,f,8,14,4
4.3.ab_a_ae_r,4,1,t,2,2,1
2.83.bb_mo,2,1,t,2,2,1
4.2.ac_b_c_ad,7,1,t,2,2,1
3.5.ad_m_abc,2,4,t,4,6,2
5.2.d_e_i_q_x,9,2,t,2,2,1
4.4.ab_ad_h_f,5,5,t,10,18,5
1.71.q,2,1,t,2,2,1
5.2.d_g_j_o_t,9,4,t,4,6,2
4.3.ae_f_h_abc,2,2,t,2,2,1
2.47.g_bn,4,8,t,8,14,4
1.71.aq,2,1,t,2,2,1
4.3.ag_s_abq_de,2,6,f,12,22,6
2.27.ae_ba,2,14,t,14,26,7
4.3.e_g_ab_ao,2,2,t,2,2,1
3.9.a_ae_t,7,6,t,6,10,3
3.7.ag_y_acn,3,6,t,6,10,3
3.3.b_g_h,4,2,t,2,2,1
5.2.a_a_c_d_ah,9,1,t,2,2,1
3.5.f_l_v,9,2,t,2,2,1
4.3.ac_b_i_aq,2,2,t,4,6,2
2.71.ba_lx,7,2,t,2,2,1
4.3.ad_c_g_at,4,2,t,2,2,1
5.2.e_k_s_ba_bl,9,1,t,2,2,1
3.5.ah_bc_acz,4,1,t,2,2,1
3.7.ac_g_abn,3,4,t,4,6,2
3.7.ae_l_ax,1681,2,t,2,2,1
4.3.a_g_ad_w,2,1,t,2,2,1
4.3.e_j_u_bo,2,6,t,12,22,6
2.5.d_i,2,2,t,4,6,2
2.41.al_eh,59,2,t,2,2,1
5.2.a_a_b_d_af,961,2,t,2,2,1
4.2.c_f_i_n,23,2,t,2,2,1
2.89.bg_qk,2,4,t,8,14,4
4.3.c_f_j_z,169,2,t,2,2,1
3.7.ad_ad_w,2,8,f,16,30,8
4.3.ac_d_a_af,23,2,t,2,2,1
2.79.at_gz,13,2,t,2,2,1
4.3.b_a_e_r,4,1,t,2,2,1
2.7.j_bi,2,1,t,2,2,1
2.23.aj_cb,9,2,t,2,2,1
5.2.c_b_ab_f_n,7,2,t,2,2,1
2.47.aj_ek,2,2,t,2,2,1
4.3.b_c_c_ah,4,2,t,4,6,2
2.19.af_h,5,2,t,2,2,1
2.47.h_dv,23,2,t,2,2,1
4.3.ab_d_ah_c,5041,2,t,2,2,1
4.3.c_j_o_bj,16,2,t,2,2,1
1.127.b,13,2,t,2,2,1
4.2.ab_ab_a_f,7,2,t,2,2,1
3.5.ae_s_abm,2,1,t,2,2,1
3.2.c_e_f,9,1,t,2,2,1
1.67.q,2,1,t,2,2,1
5.2.ac_b_ab_b_b,9,2,t,2,2,1
4.3.f_s_bt_dl,11,1,t,2,2,1
4.3.c_d_a_af,23,2,t,2,2,1
5.2.b_c_f_i_f,25,2,t,2,2,1
1.67.aq,2,1,t,2,2,1
3.5.b_e_r,9,2,t,2,2,1
5.2.ac_c_ab_ab_f,6889,2,t,2,2,1
1.81.ah,5,2,t,2,2,1
4.3.ac_a_ae_t,13,2,t,2,2,1
3.9.af_f_h,841,2,t,2,2,1
2.16.a_abf,9,2,t,2,2,1
3.8.d_u_br,7,4,t,4,6,2
3.7.c_l_n,841,2,t,2,2,1
5.2.ab_b_af_f_ad,25,2,t,2,2,1
5.2.c_g_k_t_bb,361,2,t,2,2,1
4.3.ad_i_ak_t,4,4,t,4,6,2
2.71.ah_fg,89,2,t,2,2,1
2.59.ab_adp,169,2,t,2,2,1
2.97.x_ki,2,10,t,10,18,5
2.17.j_bq,49,2,t,2,2,1
4.2.b_b_ac_ad,9,2,t,2,2,1
3.3.d_g_k,2,2,t,2,2,1
2.9.af_q,2,4,t,8,14,4
3.7.b_a_d,19,2,t,2,2,1
4.2.b_b_ac_af,25,2,t,2,2,1
3.25.g_av_anb,9,2,t,2,2,1
5.2.a_a_ab_d_f,961,2,t,2,2,1
4.3.ae_h_as_bs,2,2,t,4,6,2
4.2.ac_d_af_h,9,1,t,2,2,1
4.2.c_e_g_j,17,2,t,2,2,1
1.59.i,2,2,t,2,2,1
1.41.i,5,2,t,2,2,1
4.3.e_d_al_abg,2,1,t,2,2,1
2.7.g_s,2,2,t,4,6,2
2.71.abf_or,11,1,t,2,2,1
5.2.c_g_k_t_z,121,2,t,2,2,1
2.107.b_ahl,9,2,t,2,2,1
3.5.g_w_cf,9,2,t,2,2,1
4.3.d_d_h_u,2,4,t,8,14,4
3.2.c_e_h,25,2,t,2,2,1
2.31.ab_e,23,2,t,2,2,1
2.103.ax_ki,29,2,t,2,2,1
3.3.b_c_ac,2,2,t,2,2,1
2.23.b_ay,7,2,t,2,2,1
2.61.bb_lo,2,2,t,4,6,2
2.17.h_y,2,2,t,2,2,1
4.3.e_f_ah_abc,2,2,t,2,2,1
2.11.ab_p,5,2,t,2,2,1
5.2.ac_c_ag_l_an,9,2,t,2,2,1
2.53.ay_jm,2,7,f,14,26,7
2.23.aj_co,2,2,t,2,2,1
4.3.ac_f_al_ba,169,2,t,2,2,1
5.2.a_ab_e_d_ah,9,4,t,4,6,2
5.2.b_ab_a_ab_ah,9,2,t,2,2,1
4.3.b_a_ag_af,4,4,t,4,6,2
3.8.ab_ag_j,25,4,t,4,6,2
2.53.abb_lc,2,1,t,2,2,1
5.2.ac_g_ai_q_at,23,2,t,2,2,1
4.3.e_n_be_cj,59,2,t,2,2,1
4.3.d_i_q_z,4,2,t,2,2,1
2.89.bd_ol,11,2,t,2,2,1
3.7.g_y_cn,3,6,t,6,10,3
3.7.e_ae_abp,3,2,t,2,2,1
2.37.g_ab,4,2,t,4,6,2
4.3.ae_m_az_by,2,1,t,2,2,1
4.2.ab_d_a_d,9,2,t,2,2,1
2.89.bj_sq,2,2,t,2,2,1
3.9.i_bk_el,23,2,t,2,2,1
2.59.ax_jn,17,2,t,2,2,1
4.3.af_j_ab_aq,2,4,t,8,14,4
2.17.g_bn,4,4,t,4,6,2
2.9.ag_t,4,2,t,2,2,1
5.2.a_ab_c_b_al,9,2,t,2,2,1
2.13.ah_bm,3,2,t,2,2,1
3.5.ad_g_ar,9,2,t,2,2,1
3.5.e_h_m,2,8,t,8,14,4
2.83.a_dm,2,20,t,20,38,10
2.23.p_dy,2,1,t,2,2,1
2.17.ai_bv,47,2,t,2,2,1
5.2.ad_g_am_u_abd,1681,1,t,2,2,1
4.3.c_e_l_w,2,2,t,2,2,1
2.23.am_dd,4,2,t,2,2,1
5.2.c_c_c_b_ad,841,2,t,2,2,1
2.29.ap_ea,2,2,t,4,6,2
3.5.c_ac_ai,2209,2,t,2,2,1
1.109.t,5,2,t,2,2,1
3.8.ad_w_abr,17,2,t,2,2,1
5.2.ab_c_ae_g_an,9,4,t,4,6,2
1.25.i,3,2,t,2,2,1
1.89.s,2,2,t,2,2,1
4.3.ae_j_au_bo,2,6,t,12,22,6
1.89.as,2,2,t,2,2,1
4.3.ab_d_aj_h,11,2,t,4,6,2
5.2.e_i_m_t_bd,1681,2,t,2,2,1
2.53.ax_ix,7,2,t,2,2,1
4.3.af_s_abt_dl,11,1,t,2,2,1
4.3.ae_n_abf_ch,169,2,t,2,2,1
2.9.ad_n,7,2,t,2,2,1
4.4.h_x_by_dt,5,4,t,4,6,2
1.27.i,2,2,t,2,2,1
2.103.n_jh,67,2,t,2,2,1
3.7.d_a_af,4,3,f,6,10,3
1.97.s,2,2,t,4,6,2
2.89.bf_pr,9,2,t,2,2,1
5.2.c_e_j_o_v,9,2,t,2,2,1
2.37.am_ed,107,2,t,2,2,1
1.97.as,2,2,t,4,6,2
2.11.a_v,4,2,t,2,2,1
2.5.a_ag,2,6,t,12,22,6
4.3.a_g_d_w,2,1,t,2,2,1
1.25.b,3,2,t,2,2,1
4.3.e_n_bg_cj,16,2,t,2,2,1
1.109.at,5,2,t,2,2,1
4.4.a_ak_b_cb,3,1,t,2,2,1
3.5.ah_v_abu,2,4,f,8,14,4
4.3.e_d_ai_aw,49,2,t,2,2,1
5.2.a_ab_a_a_b,81,2,t,2,2,1
4.3.b_ac_a_f,2809,2,t,2,2,1
3.5.a_f_ad,289,2,t,2,2,1
3.3.c_f_i,2,4,t,8,14,4
5.2.a_e_c_l_f,169,2,t,2,2,1
2.32.l_dl,89,2,t,2,2,1
3.7.e_m_bh,3,6,t,6,10,3
3.5.a_f_d,289,2,t,2,2,1
2.47.z_jq,2,2,t,2,2,1
1.23.i,2,1,t,2,2,1
3.4.c_j_n,3,4,t,4,6,2
2.73.l_gq,2,8,t,8,14,4
4.2.ac_f_ai_n,23,2,t,2,2,1
2.5.a_g,2,6,f,12,22,6
3.7.ac_l_an,841,2,t,2,2,1
2.5.a_c,2,4,t,8,14,4
4.3.ab_e_ak_l,4,6,t,6,10,3
3.8.c_af_abn,841,2,t,2,2,1
4.3.f_k_i_c,2,2,t,2,2,1
3.5.ab_c_ag,9,6,t,6,10,3
2.47.ae_abn,4,2,t,2,2,1
4.2.c_b_ab_ab,7,2,t,2,2,1
4.3.ab_c_g_al,4,4,t,4,6,2
1.37.b,7,2,t,2,2,1
3.9.ai_bg_adx,169,2,t,2,2,1
2.101.bd_or,5,3,f,6,10,3
3.7.ad_k_abv,3,2,t,2,2,1
3.9.i_bg_dx,169,2,t,2,2,1
1.53.g,2,4,t,4,6,2
3.3.ab_c_ah,4,2,t,2,2,1
5.2.a_c_ac_f_ab,961,2,t,2,2,1
2.101.bd_ov,31,2,t,2,2,1
4.2.ab_b_ab_ab,7,2,t,2,2,1
2.11.ae_g,2,6,f,12,22,6
4.3.c_f_l_ba,169,2,t,2,2,1
2.37.q_fe,2,8,f,16,30,8
3.3.ae_i_ao,25,1,t,2,2,1
5.2.c_b_d_g_f,841,2,t,2,2,1
4.3.ad_d_i_az,25,2,t,2,2,1
4.3.c_b_ah_au,2,2,t,2,2,1
4.3.e_h_s_bs,2,2,t,4,6,2
1.127.at,7,2,t,2,2,1
2.23.p_du,2,1,t,2,2,1
3.5.d_a_an,9,2,t,2,2,1
5.2.c_e_i_m_t,169,2,t,2,2,1
3.7.ab_ag_j,4,2,t,2,2,1
5.2.b_ac_a_c_ad,25,2,t,4,6,2
2.17.j_bv,9,2,t,2,2,1
4.3.d_b_ai_au,2,2,t,2,2,1
2.29.l_cj,5,2,t,2,2,1
3.4.c_ac_ar,3,2,t,4,6,2
2.128.bn_yl,41,2,t,2,2,1
2.125.z_pd,59,2,t,2,2,1
4.3.ae_m_abb_cb,13,2,t,2,2,1
4.3.ac_k_an_bo,25,2,t,2,2,1
1.59.g,5,2,t,2,2,1
1.41.g,2,4,t,4,6,2
4.3.a_e_ae_h,47,2,t,2,2,1
2.13.ac_af,4,4,t,4,6,2
2.13.ae_o,2,9,f,18,34,9
5.2.d_g_i_i_h,25,2,t,2,2,1
1.127.t,7,2,t,2,2,1
4.3.ae_g_a_al,11,2,t,2,2,1
2.113.ba_mp,4,4,t,4,6,2
5.2.ac_a_d_b_ah,961,2,t,2,2,1
2.3.a_c,2,4,t,8,14,4
4.2.c_d_f_h,9,1,t,2,2,1
5.2.e_j_o_r_v,25,2,t,2,2,1
2.5.ab_ab,9,2,t,2,2,1
2.3.a_ac,2,3,f,6,10,3
4.3.ae_g_ab_ah,25,2,t,2,2,1
1.19.i,2,1,t,2,2,1
2.43.a_adh,9,2,t,2,2,1
4.4.b_c_ai_ax,3,2,t,2,2,1
2.13.ai_bi,2,4,t,8,14,4
2.59.al_dd,47,2,t,2,2,1
4.3.ad_c_j_aba,2,4,t,8,14,4
4.3.c_g_d_k,2,2,t,2,2,1
3.9.c_x_bj,11,2,t,2,2,1
2.113.abj_um,2,4,t,4,6,2
4.4.b_d_ao_ap,3,2,t,4,6,2
3.3.b_c_l,4,1,t,2,2,1
2.11.g_s,2,2,t,4,6,2
3.7.c_h_bf,3,6,t,6,10,3
2.29.j_cz,9,2,t,2,2,1
4.4.ag_l_j_ach,11,2,t,2,2,1
4.2.ac_c_af_l,9,1,t,2,2,1
5.2.c_c_g_l_n,9,2,t,2,2,1
1.37.g,2,2,t,4,6,2
3.9.ac_af_bj,5,6,t,6,10,3
2.5.ab_ae,2,2,t,4,6,2
4.3.d_k_w_bp,4,4,t,4,6,2
2.19.al_cg,2,1,t,2,2,1
1.19.b,5,2,t,2,2,1
3.7.c_m_bd,19,2,t,2,2,1
4.3.a_c_ab_q,49,2,t,2,2,1
3.5.h_ba_cq,2,2,t,4,6,2
2.29.h_cl,13,2,t,2,2,1
2.11.aj_bm,2,1,t,2,2,1
1.16.b,3,2,t,2,2,1
3.5.b_ab_at,49,2,t,2,2,1
3.5.b_n_i,9,2,t,2,2,1
5.2.ac_e_af_g_aj,9,2,t,2,2,1
2.59.s_hp,9,2,t,2,2,1
1.103.au,2,1,t,2,2,1
2.59.bc_mb,4,2,t,2,2,1
2.5.b_ae,2,2,t,4,6,2
4.3.ab_e_h_ac,2,6,f,12,22,6
2.83.abh_qw,2,2,t,2,2,1
2.23.ab_abj,25,2,t,2,2,1
3.7.i_bh_dv,3,2,t,2,2,1
2.13.a_w,2,8,f,16,30,8
1.97.r,3,2,t,2,2,1
5.2.ab_c_ab_f_ad,7,2,t,2,2,1
3.7.g_o_bb,3,1,t,2,2,1
4.3.d_k_t_bm,2,4,t,8,14,4
2.13.a_x,49,2,t,2,2,1
2.11.e_j,4,2,t,2,2,1
2.13.a_y,25,2,t,2,2,1
1.97.ar,3,2,t,2,2,1
2.7.ab_k,2,2,t,2,2,1
3.3.c_ac_ak,49,2,t,2,2,1
2.31.u_gf,4,1,t,2,2,1
3.5.ac_ab_d,9,2,t,2,2,1
2.27.aj_ct,23,2,t,2,2,1
1.25.g,2,2,t,4,6,2
2.23.ap_dy,2,1,t,2,2,1
2.13.n_cq,2,1,t,2,2,1
1.107.au,2,1,t,2,2,1
3.7.c_g_p,31,2,t,2,2,1
4.4.ad_h_c_ah,11,2,t,2,2,1
3.3.ab_c_c,2,2,t,2,2,1
4.3.ac_c_g_at,4,2,t,2,2,1
5.2.af_o_abc_bu_acp,25,2,t,2,2,1
3.3.b_e_f,4,2,t,2,2,1
2.13.a_s,2,8,t,8,14,4
3.5.ae_h_am,2,8,t,8,14,4
2.29.p_ea,2,2,t,4,6,2
4.3.a_d_g_ab,16,2,t,2,2,1
3.2.c_c_d,25,1,t,2,2,1
3.5.ac_ac_i,2209,2,t,2,2,1
1.109.u,3,2,t,2,2,1
5.2.ab_c_ac_ac_b,1681,2,t,2,2,1
4.3.b_ad_ae_e,2,2,t,2,2,1
4.4.d_d_i_bf,6889,2,t,2,2,1
3.25.u_hs_bvr,67,2,t,2,2,1
5.2.c_f_i_k_r,9,2,t,2,2,1
4.3.ae_n_abe_cj,59,2,t,2,2,1
3.5.e_h_i,2,10,f,20,38,10
3.5.ab_ab_t,49,2,t,2,2,1
2.73.bh_qc,3,2,t,2,2,1
2.7.b_k,2,2,t,2,2,1
2.31.aj_bz,5,6,t,6,10,3
2.41.d_ci,2,8,t,8,14,4
1.107.u,2,1,t,2,2,1
2.11.ab_aj,5,3,f,6,10,3
2.103.ad_afp,9,2,t,2,2,1
4.3.a_ac_ab_i,529,2,t,2,2,1
2.107.a_bq,2,20,t,20,38,10
2.47.h_bw,37,2,t,2,2,1
4.2.a_c_d_d,17,2,t,2,2,1
3.3.c_a_ac,4,1,t,2,2,1
2.37.ax_hy,3,1,t,2,2,1
5.2.a_e_a_i_ab,9,4,t,4,6,2
2.11.j_bq,2,1,t,2,2,1
5.2.b_e_f_n_l,7,2,t,2,2,1
2.25.h_bx,13,2,t,2,2,1
4.3.ad_c_ai_bd,25,1,t,2,2,1
4.3.ab_a_a_ah,4,2,t,2,2,1
1.109.au,3,2,t,2,2,1
3.7.ak_bz_agj,25,2,t,2,2,1
2.9.ai_bg,7,2,t,2,2,1
3.3.d_h_q,49,2,t,2,2,1
2.79.al_er,89,2,t,2,2,1
5.2.c_h_i_t_r,31,1,t,2,2,1
1.125.ao,2,4,t,4,6,2
4.3.e_f_ae_au,2,6,f,12,22,6
3.7.g_v_cj,3,6,t,6,10,3
5.2.ad_f_ad_ad_l,7,3,f,6,10,3
1.103.u,2,1,t,2,2,1
5.2.e_k_u_bi_bz,7,3,f,6,10,3
2.23.ac_ar,4,8,t,8,14,4
2.5.af_q,2,1,t,2,2,1
2.67.au_hu,2,14,t,14,26,7
2.41.a_dc,9,4,t,4,6,2
3.9.d_m_i,2,8,t,8,14,4
1.17.g,2,2,t,2,2,1
1.61.b,3,2,t,4,6,2
5.2.ab_ad_e_e_al,9,1,t,2,2,1
5.2.d_c_ab_g_t,9,2,t,2,2,1
2.79.bf_pe,2,2,t,2,2,1
5.2.ab_c_a_ac_h,961,2,t,2,2,1
4.3.a_a_b_ai,361,2,t,2,2,1
5.2.d_c_ad_ag_ah,3481,2,t,2,2,1
3.4.e_m_z,11,2,t,2,2,1
1.125.o,2,4,t,4,6,2
4.3.d_l_x_bx,49,2,t,2,2,1
2.41.a_dd,4,2,t,2,2,1
3.3.a_b_i,2,6,f,12,22,6
2.31.b_e,23,2,t,2,2,1
3.5.ai_bg_adg,11,1,t,2,2,1
1.109.r,7,2,t,2,2,1
5.2.af_l_al_ad_t,9,1,t,2,2,1
2.89.t_jh,97,2,t,2,2,1
3.5.d_k_bc,2,4,t,4,6,2
2.89.t_jt,107,2,t,2,2,1
4.3.d_i_k_t,4,4,t,4,6,2
5.2.ad_g_ai_i_ah,25,2,t,2,2,1
5.2.ac_e_aj_o_av,9,2,t,2,2,1
2.109.bl_vk,2,4,t,4,6,2
4.3.ag_t_abr_dc,2,2,t,2,2,1
2.17.af_j,25,2,t,2,2,1
3.5.e_f_b,49,2,t,2,2,1
2.89.l_gz,131,2,t,2,2,1
1.13.g,2,1,t,2,2,1
4.3.c_a_ag_ar,4,2,t,2,2,1
3.4.ae_m_az,11,2,t,2,2,1
4.3.ab_ac_d_ac,2,8,t,8,14,4
2.17.i_bq,2,8,t,8,14,4
3.5.ab_j_ad,11,2,t,2,2,1
2.121.bp_zl,19,2,t,2,2,1
5.2.ac_c_ab_ad_l,49,1,t,2,2,1
5.2.b_b_e_f_b,7,2,t,2,2,1
2.29.ab_abn,7,2,t,2,2,1
4.2.c_a_ad_af,9,1,t,2,2,1
1.109.ar,7,2,t,2,2,1
2.71.at_hn,47,2,t,2,2,1
4.3.a_d_ak_ab,16,1,t,2,2,1
3.5.b_ac_ax,4,3,f,6,10,3
3.5.ac_g_an,11,2,t,2,2,1
3.5.ab_a_al,4,2,t,2,2,1
2.23.j_bq,2,2,t,2,2,1
2.17.aj_bq,49,2,t,2,2,1
3.8.d_ah_abv,361,2,t,2,2,1
2.7.a_l,25,2,t,2,2,1
5.2.d_d_a_ab_b,9,2,t,2,2,1
5.2.b_ac_ag_c_n,9,2,t,4,6,2
3.9.d_u_ce,2,8,t,8,14,4
3.4.f_s_bp,13,2,t,2,2,1
5.2.c_d_d_b_ad,7,2,t,2,2,1
2.7.h_ba,2,1,t,2,2,1
5.2.b_e_b_k_d,9,2,t,2,2,1
5.2.ac_d_ae_f_aj,25,4,t,4,6,2
5.2.a_e_e_g_p,9,2,t,2,2,1
3.7.b_ad_abi,2,10,f,20,38,10
2.47.k_en,17,2,t,2,2,1
2.31.t_fv,11,1,t,2,2,1
5.2.a_c_c_f_b,961,2,t,2,2,1
4.3.ad_i_au_bl,4,2,t,2,2,1
2.83.bf_pk,25,2,t,2,2,1
2.17.b_ay,2,2,t,2,2,1
4.3.c_a_e_t,13,2,t,2,2,1
2.29.a_cc,2,8,f,16,30,8
2.13.i_bm,2,7,f,14,26,7
5.2.ac_d_ae_e_ab,9,2,t,2,2,1
2.23.q_ef,4,2,t,2,2,1
3.5.ac_g_aq,529,2,t,2,2,1
4.3.b_f_k_r,13,2,t,2,2,1
5.2.ac_e_ai_m_at,169,2,t,2,2,1
5.2.e_i_i_b_ah,121,1,t,2,2,1
2.97.a_ahl,9,2,t,2,2,1
3.5.a_i_ae,29,2,t,2,2,1
4.3.a_ac_ac_b,4,2,t,2,2,1
1.43.b,3,2,t,2,2,1
3.3.e_i_o,25,1,t,2,2,1
1.7.b,3,1,t,2,2,1
2.27.af_ab,49,2,t,2,2,1
5.2.e_l_y_br_cp,25,2,t,2,2,1
4.3.d_e_g_l,4,4,t,4,6,2
3.9.c_af_abj,5,6,t,6,10,3
3.3.b_c_k,2,1,t,2,2,1
2.89.abd_ou,2,6,t,6,10,3
1.7.ae,2,1,t,2,2,1
4.3.ae_m_abb_ca,49,2,t,2,2,1
2.47.a_acr,25,2,t,2,2,1
5.2.ab_e_b_e_j,17,2,t,2,2,1
2.47.ay_jd,4,2,t,2,2,1
5.2.ac_c_ac_b_d,841,2,t,2,2,1
4.2.a_b_ab_b,9,4,t,4,6,2
4.3.ag_v_acc_ec,49,1,t,2,2,1
2.37.ar_fj,7,2,t,2,2,1
1.67.af,3,2,t,4,6,2
2.71.af_ff,7,4,t,4,6,2
2.127.f_jz,41,2,t,2,2,1
2.103.abb_ox,29,2,t,2,2,1
4.3.b_c_f_ac,2,4,t,8,14,4
3.5.a_i_e,29,2,t,2,2,1
4.3.e_g_b_ah,25,2,t,2,2,1
1.103.am,2,2,t,2,2,1
2.41.j_bj,9,2,t,2,2,1
4.3.ae_i_aj_i,25,2,t,2,2,1
3.8.e_ac_abf,7921,2,t,2,2,1
2.41.al_cx,31,2,t,2,2,1
5.2.ae_k_av_bl_acd,49,2,t,2,2,1
1.61.m,5,2,t,2,2,1
1.79.m,2,2,t,2,2,1
2.83.a_d,169,2,t,2,2,1
1.61.am,5,2,t,2,2,1
1.79.am,2,2,t,2,2,1
2.19.b_x,3,6,t,6,10,3
4.3.ab_ad_b_n,11,2,t,2,2,1
2.19.b_ax,49,2,t,2,2,1
2.11.ab_ah,9,2,t,2,2,1
3.3.ab_c_al,4,1,t,2,2,1
2.11.ag_bb,4,4,t,4,6,2
3.7.ae_m_abh,3,6,t,6,10,3
2.23.m_dd,4,2,t,2,2,1
2.19.l_cn,3,2,t,2,2,1
4.3.b_e_b_h,47,2,t,2,2,1
1.125.e,11,2,t,2,2,1
2.19.m_cu,17,2,t,2,2,1
5.2.ad_e_ab_ai_r,9,3,f,6,10,3
1.125.ae,11,2,t,2,2,1
3.7.c_m_n,53,2,t,2,2,1
2.7.f_r,3,2,t,2,2,1
3.5.ad_j_abf,9,2,t,2,2,1
2.37.h_dh,11,2,t,2,2,1
2.101.ab_eb,137,2,t,2,2,1
5.2.a_a_ae_c_b,25,2,t,2,2,1
2.89.j_gy,2,10,t,10,18,5
4.3.af_p_abh_cj,49,2,t,2,2,1
5.2.b_c_g_i_l,289,2,t,2,2,1
2.5.f_o,9,2,t,2,2,1
2.25.r_es,3,2,t,2,2,1
1.49.af,3,2,t,2,2,1
4.3.ac_a_ac_o,2,13,f,26,50,13
4.3.b_c_ai_al,841,1,t,2,2,1
4.3.af_q_abo_cz,4,1,t,2,2,1
4.4.af_n_az_bt,19,2,t,4,6,2
4.3.ab_ad_e_e,2,2,t,2,2,1
3.5.ab_ac_x,4,3,f,6,10,3
4.3.ad_f_al_z,23,2,t,2,2,1
2.31.ar_fb,3,2,t,2,2,1
4.3.ac_e_ai_t,37,2,t,2,2,1
2.23.j_co,2,2,t,2,2,1
3.5.ah_ba_acq,2,2,t,4,6,2
4.3.ac_ac_ad_ba,2,1,t,2,2,1
2.27.an_dl,13,2,t,2,2,1
4.3.ac_b_g_ar,16,2,t,2,2,1
1.103.m,2,2,t,2,2,1
2.47.a_ada,2,12,t,12,22,6
5.2.c_g_j_r_v,289,2,t,2,2,1
1.97.ab,3,2,t,2,2,1
2.79.d_adz,9,4,t,4,6,2
5.2.c_e_i_p_t,9,1,t,2,2,1
3.5.c_l_v,9,2,t,2,2,1
5.2.a_ab_ae_d_h,9,4,t,4,6,2
2.47.ah_dv,23,2,t,2,2,1
4.3.ab_b_f_al,11,2,t,2,2,1
2.17.h_ba,9,4,t,4,6,2
4.2.ab_d_ac_f,25,2,t,2,2,1
3.7.ab_ad_bi,2,10,f,20,38,10
4.3.a_b_a_r,16,2,t,2,2,1
5.2.e_h_d_am_abd,121,2,t,2,2,1
3.7.b_ag_aj,4,2,t,2,2,1
2.8.a_j,25,2,t,2,2,1
5.2.f_o_be_cc_df,169,2,t,2,2,1
5.2.ac_b_ad_g_af,841,2,t,2,2,1
2.107.bc_oo,2,14,t,14,26,7
2.8.ac_p,7,2,t,2,2,1
2.29.l_cv,5,4,t,4,6,2
2.73.a_fn,289,2,t,2,2,1
5.2.c_ac_ah_d_t,9,1,t,2,2,1
2.17.al_cm,2,2,t,2,2,1
1.43.m,2,1,t,2,2,1
5.2.ad_d_a_ac_d,361,2,t,2,2,1
1.43.am,2,1,t,2,2,1
1.97.i,3,4,t,4,6,2
2.47.an_et,17,2,t,2,2,1
4.4.af_s_abs_dt,23,2,t,2,2,1
2.13.e_o,2,9,f,18,34,9
2.43.ap_eh,25,2,t,2,2,1
4.4.c_af_af_v,5,6,t,6,10,3
3.8.g_bd_df,41,2,t,2,2,1
4.3.af_n_abf_cm,2,2,t,4,6,2
1.43.af,7,2,t,2,2,1
2.73.abg_pl,4,1,t,2,2,1
2.125.az_pd,59,2,t,2,2,1
5.2.c_e_e_c_d,7,2,t,2,2,1
4.3.ae_o_abi_cn,4,2,t,2,2,1
5.2.ac_e_ae_c_ad,7,2,t,2,2,1
3.5.ad_ac_r,4,2,t,2,2,1
1.47.m,2,2,t,2,2,1
5.2.a_d_ae_b_ap,25,1,t,2,2,1
5.2.c_ac_ai_b_r,1681,1,t,2,2,1
4.3.b_f_l_n,37,2,t,2,2,1
1.47.am,2,2,t,2,2,1
2.13.ab_af,25,2,t,2,2,1
2.113.aba_mp,4,4,t,4,6,2
5.2.b_c_b_ab_af,7,2,t,2,2,1
3.5.ab_n_ai,9,2,t,2,2,1
5.2.ae_j_ao_r_av,25,2,t,2,2,1
2.17.ac_ap,25,2,t,2,2,1
5.2.b_c_e_g_n,9,4,t,4,6,2
2.49.n_ef,5,6,t,6,10,3
4.2.ad_h_ao_v,7,2,t,4,6,2
4.2.ab_e_ac_j,31,1,t,2,2,1
3.5.a_ac_c,2,4,t,4,6,2
2.49.t_hc,2,6,t,6,10,3
2.103.abf_qi,11,2,t,2,2,1
5.2.ab_c_ab_ae_b,25,1,t,2,2,1
1.31.af,3,2,t,2,2,1
3.5.a_ac_ac,2,4,t,4,6,2
5.2.ac_b_a_d_ah,361,2,t,2,2,1
5.2.ab_a_b_a_ah,9,4,t,4,6,2
4.3.b_b_af_al,11,2,t,2,2,1
2.43.ab_acn,121,2,t,2,2,1
3.7.ae_o_acd,3,3,t,6,10,3
4.3.d_f_l_z,23,2,t,2,2,1
2.5.d_e,2,2,t,4,6,2
2.29.ak_bz,4,4,t,4,6,2
4.3.g_v_cc_ed,16,2,t,2,2,1
3.9.ag_l_al,49,2,t,2,2,1
5.2.a_a_ac_ac_d,9,2,t,2,2,1
2.23.aq_ef,4,2,t,2,2,1
2.11.b_aj,5,3,f,6,10,3
3.5.ac_l_av,9,2,t,2,2,1
4.3.a_ad_a_b,16,2,t,2,2,1
3.5.c_d_h,169,2,t,2,2,1
2.7.aj_bi,2,1,t,2,2,1
4.3.d_e_ac_an,4,6,t,6,10,3
3.5.af_i_ag,9,2,t,2,2,1
2.83.an_ct,9,2,t,2,2,1
2.79.l_fv,107,2,t,2,2,1
5.2.d_e_d_a_ad,169,2,t,2,2,1
4.3.ab_b_f_an,49,2,t,2,2,1
2.47.ar_fs,23,2,t,2,2,1
5.2.ab_c_ab_ab_f,7,2,t,2,2,1
1.83.i,2,2,t,2,2,1
3.25.k_an_aor,49,2,t,2,2,1
2.5.ae_l,11,1,t,2,2,1
4.3.ac_f_aj_z,169,2,t,2,2,1
1.81.o,2,4,t,4,6,2
1.109.h,3,2,t,2,2,1
1.81.ao,2,4,t,4,6,2
2.11.ag_s,2,2,t,4,6,2
1.109.ah,3,2,t,2,2,1
2.5.e_j,4,1,t,2,2,1
2.41.v_hk,2,2,t,4,6,2
2.17.ab_aq,2,4,t,8,14,4
4.3.a_e_al_c,2,1,t,2,2,1
2.61.bd_mu,2,2,t,4,6,2
3.5.d_j_bf,9,2,t,2,2,1
3.7.e_b_ay,2,9,f,18,34,9
4.3.b_k_i_br,4,2,t,2,2,1
4.3.ac_i_as_bf,4,2,t,2,2,1
4.3.b_g_m_t,4,2,t,2,2,1
2.103.abd_pn,29,2,t,2,2,1
2.97.l_id,47,2,t,2,2,1
5.2.ab_d_a_a_h,961,2,t,2,2,1
2.11.a_g,2,8,f,16,30,8
2.113.bm_wl,4,4,t,4,6,2
2.27.e_ba,2,14,t,14,26,7
4.2.c_f_j_n,25,1,t,2,2,1
5.2.b_a_ab_a_h,9,4,t,4,6,2
3.3.a_ac_ac,4,2,t,2,2,1
5.2.a_b_b_d_f,9,2,t,2,2,1
3.5.d_ac_aw,49,2,t,2,2,1
4.2.b_d_g_h,9,2,t,2,2,1
2.29.as_fh,7,1,t,2,2,1
2.23.o_dn,4,4,t,4,6,2
3.5.e_s_bm,2,1,t,2,2,1
2.107.j_hn,101,2,t,2,2,1
2.107.ar_kz,29,2,t,2,2,1
3.3.a_e_c,49,2,t,2,2,1
5.2.c_e_g_h_l,961,2,t,2,2,1
5.2.ab_e_af_n_al,7,2,t,2,2,1
1.103.h,11,2,t,2,2,1
3.3.a_e_ac,49,2,t,2,2,1
3.3.ab_c_ak,2,1,t,2,2,1
1.103.ah,11,2,t,2,2,1
4.3.d_g_f_h,37,2,t,2,2,1
5.2.c_c_d_g_h,7,2,t,2,2,1
4.3.a_ac_a_ab,4,6,f,12,22,6
2.127.h_adr,289,2,t,2,2,1
4.3.ae_f_e_au,2,6,f,12,22,6
2.109.t_id,73,2,t,2,2,1
4.3.ab_af_c_q,2,2,t,2,2,1
5.2.ab_c_ag_i_al,289,2,t,2,2,1
2.23.c_ar,4,8,t,8,14,4
3.7.l_ci_hq,2,1,t,2,2,1
1.7.e,2,1,t,2,2,1
2.23.j_cb,9,2,t,2,2,1
3.7.ag_v_acm,2,4,t,8,14,4
4.3.b_a_a_ah,4,2,t,2,2,1
5.2.a_ab_ac_a_f,9,2,t,2,2,1
5.2.d_g_m_u_bd,1681,1,t,2,2,1
2.61.l_el,73,2,t,2,2,1
4.4.ab_f_ar_n,13,2,t,4,6,2
4.3.b_b_af_an,49,2,t,2,2,1
4.3.c_ad_af_e,2,2,t,2,2,1
2.59.at_gs,2,2,t,2,2,1
4.3.e_i_l_o,2,2,t,2,2,1
4.3.af_k_ai_c,2,2,t,2,2,1
3.7.e_j_i,2,11,f,22,42,11
4.2.ab_b_c_ad,9,2,t,2,2,1
5.2.c_f_i_j_r,9,2,t,2,2,1
4.3.ab_e_c_f,13,2,t,2,2,1
1.13.af,3,1,t,2,2,1
4.2.ab_b_c_af,25,2,t,2,2,1
3.7.ai_bk_ael,3,2,t,4,6,2
5.2.b_a_c_c_ad,841,2,t,2,2,1
2.5.ae_j,4,1,t,2,2,1
3.25.au_hs_abvr,67,2,t,2,2,1
5.2.ad_d_ab_b_ad,2209,2,t,2,2,1
2.11.aj_bq,2,1,t,2,2,1
4.3.ab_c_af_ac,2,4,t,8,14,4
2.101.g_add,4,4,t,4,6,2
1.64.j,5,2,t,2,2,1
2.5.c_h,4,4,t,4,6,2
4.3.ae_h_ao_bf,16,2,t,2,2,1
5.2.ad_g_ai_i_al,169,2,t,2,2,1
5.2.ac_b_ae_f_b,361,2,t,2,2,1
2.107.ab_ahl,9,2,t,2,2,1
5.2.f_l_l_ad_at,9,1,t,2,2,1
4.4.d_h_ac_ah,11,2,t,2,2,1
2.5.a_j,4,2,t,2,2,1
4.3.ac_c_h_aq,49,2,t,2,2,1
3.7.ad_a_f,4,3,f,6,10,3
5.2.d_j_s_bi_bx,49,2,t,2,2,1
3.25.ag_av_nb,9,2,t,2,2,1
2.83.az_lx,25,2,t,2,2,1
3.3.b_ab_ak,2,3,f,6,10,3
2.29.an_ds,2,4,t,4,6,2
5.2.c_e_e_a_b,9,1,t,2,2,1
5.2.ae_k_as_bc_abn,25,2,t,2,2,1
4.4.b_f_r_n,13,2,t,4,6,2
2.9.g_t,4,2,t,2,2,1
1.29.c,2,2,t,4,6,2
2.47.v_hm,2,1,t,2,2,1
2.29.ah_bn,5,6,t,6,10,3
2.127.ah_ho,149,2,t,2,2,1
5.2.a_ac_e_d_aj,25,2,t,4,6,2
3.5.ae_h_ai,2,10,f,20,38,10
3.7.j_bn_en,9,2,t,2,2,1
4.3.b_d_ag_ac,4,2,t,2,2,1
5.2.ac_g_ak_r_az,841,2,t,2,2,1
2.41.l_eh,59,2,t,2,2,1
2.23.d_j,13,2,t,2,2,1
2.83.ab_gh,61,2,t,2,2,1
3.5.d_g_e,2,4,t,4,6,2
2.13.ab_x,3,4,t,4,6,2
2.37.q_fa,2,8,t,8,14,4
2.27.aj_cv,11,2,t,2,2,1
5.2.ac_g_am_u_abh,9,2,t,2,2,1
3.7.ad_m_ar,47,2,t,2,2,1
2.23.aj_bq,2,2,t,2,2,1
2.73.abf_ow,3,2,t,2,2,1
4.3.d_i_u_bl,4,2,t,2,2,1
2.47.e_abn,4,2,t,2,2,1
4.3.ac_f_ah_r,13,2,t,2,2,1
4.4.f_k_q_bh,17,2,t,2,2,1
2.37.t_gi,2,2,t,4,6,2
2.31.ac_abj,49,2,t,2,2,1
5.2.ac_e_ai_p_at,9,1,t,2,2,1
4.3.ad_f_e_ao,4,2,t,2,2,1
2.8.f_r,17,2,t,2,2,1
3.5.c_h_e,2,9,f,18,34,9
3.5.d_h_g,2,4,t,8,14,4
3.7.e_l_x,1681,2,t,2,2,1
4.4.ad_k_au_bp,5,6,t,6,10,3
4.4.af_k_aq_bh,17,2,t,2,2,1
4.3.c_ae_ae_n,4,3,t,6,10,3
